 5.00000000e-13  1.80076881e+00 
 5.39194584e-13  1.80078379e+00 
 6.17583753e-13  1.80080034e+00 
 7.74362090e-13  1.80080079e+00 
 1.08791876e-12  1.80078010e+00 
 1.51198306e-12  1.80074798e+00 
 2.35441478e-12  1.80069814e+00 
 3.90712823e-12  1.80064027e+00 
 7.01255514e-12  1.80058371e+00 
 1.32234089e-11  1.80054141e+00 
 2.56451166e-11  1.80049523e+00 
 5.00000000e-11  1.80043703e+00 
 5.24843415e-11  1.80043343e+00 
 5.74530246e-11  1.80042662e+00 
 6.73903907e-11  1.80041456e+00 
 8.72651228e-11  1.80039622e+00 
 1.27014587e-10  1.80037235e+00 
 1.77014587e-10  1.80035397e+00 
 2.27014587e-10  1.80034096e+00 
 2.77014587e-10  1.80033044e+00 
 3.27014587e-10  1.80032135e+00 
 3.77014587e-10  1.80031316e+00 
 4.27014587e-10  1.80030562e+00 
 4.77014587e-10  1.80029856e+00 
 5.27014587e-10  1.80029188e+00 
 5.77014587e-10  1.80028551e+00 
 6.27014587e-10  1.80027940e+00 
 6.77014587e-10  1.80027352e+00 
 7.27014587e-10  1.80026784e+00 
 7.77014587e-10  1.80026235e+00 
 8.27014587e-10  1.80025702e+00 
 8.77014587e-10  1.80025184e+00 
 9.27014587e-10  1.80024680e+00 
 9.77014587e-10  1.80024190e+00 
 1.02701459e-09  1.80023712e+00 
 1.07701459e-09  1.80023246e+00 
 1.12701459e-09  1.80022791e+00 
 1.17701459e-09  1.80022346e+00 
 1.22701459e-09  1.80021913e+00 
 1.27701459e-09  1.80021488e+00 
 1.32701459e-09  1.80021073e+00 
 1.37701459e-09  1.80020667e+00 
 1.42701459e-09  1.80020271e+00 
 1.47701459e-09  1.80019882e+00 
 1.52701459e-09  1.80019502e+00 
 1.57701459e-09  1.80019130e+00 
 1.62701459e-09  1.80018765e+00 
 1.67701459e-09  1.80018408e+00 
 1.72701459e-09  1.80018058e+00 
 1.77701459e-09  1.80017716e+00 
 1.82701459e-09  1.80017380e+00 
 1.87701459e-09  1.80017051e+00 
 1.92701459e-09  1.80016729e+00 
 1.97701459e-09  1.80016412e+00 
 2.02701459e-09  1.80016103e+00 
 2.07701459e-09  1.80015799e+00 
 2.12701459e-09  1.80015501e+00 
 2.17701459e-09  1.80015209e+00 
 2.22701459e-09  1.80014923e+00 
 2.27701459e-09  1.80014642e+00 
 2.32701459e-09  1.80014367e+00 
 2.37701459e-09  1.80014097e+00 
 2.42701459e-09  1.80013833e+00 
 2.47701459e-09  1.80013573e+00 
 2.52701459e-09  1.80013318e+00 
 2.57701459e-09  1.80013068e+00 
 2.62701459e-09  1.80012824e+00 
 2.67701459e-09  1.80012583e+00 
 2.72701459e-09  1.80012348e+00 
 2.77701459e-09  1.80012116e+00 
 2.82701459e-09  1.80011889e+00 
 2.87701459e-09  1.80011666e+00 
 2.92701459e-09  1.80011448e+00 
 2.97701459e-09  1.80011234e+00 
 3.02701459e-09  1.80011024e+00 
 3.07701459e-09  1.80010817e+00 
 3.12701459e-09  1.80010615e+00 
 3.17701459e-09  1.80010416e+00 
 3.22701459e-09  1.80010221e+00 
 3.27701459e-09  1.80010030e+00 
 3.32701459e-09  1.80009842e+00 
 3.37701459e-09  1.80009658e+00 
 3.42701459e-09  1.80009477e+00 
 3.47701459e-09  1.80009300e+00 
 3.52701459e-09  1.80009126e+00 
 3.57701459e-09  1.80008955e+00 
 3.62701459e-09  1.80008787e+00 
 3.67701459e-09  1.80008623e+00 
 3.72701459e-09  1.80008461e+00 
 3.77701459e-09  1.80008303e+00 
 3.82701459e-09  1.80008147e+00 
 3.87701459e-09  1.80007995e+00 
 3.92701459e-09  1.80007845e+00 
 3.97701459e-09  1.80007698e+00 
 4.02701459e-09  1.80007554e+00 
 4.07701459e-09  1.80007412e+00 
 4.12701459e-09  1.80007273e+00 
 4.17701459e-09  1.80007136e+00 
 4.22701459e-09  1.80007003e+00 
 4.27701459e-09  1.80006871e+00 
 4.32701459e-09  1.80006742e+00 
 4.37701459e-09  1.80006615e+00 
 4.42701459e-09  1.80006491e+00 
 4.47701459e-09  1.80006369e+00 
 4.52701459e-09  1.80006249e+00 
 4.57701459e-09  1.80006132e+00 
 4.62701459e-09  1.80006017e+00 
 4.67701459e-09  1.80005903e+00 
 4.72701459e-09  1.80005792e+00 
 4.77701459e-09  1.80005683e+00 
 4.82701459e-09  1.80005576e+00 
 4.87701459e-09  1.80005471e+00 
 4.92701459e-09  1.80005368e+00 
 4.97701459e-09  1.80005266e+00 
 5.02701459e-09  1.80005167e+00 
 5.07701459e-09  1.80005069e+00 
 5.12701459e-09  1.80004973e+00 
 5.17701459e-09  1.80004879e+00 
 5.22701459e-09  1.80004787e+00 
 5.27701459e-09  1.80004696e+00 
 5.32701459e-09  1.80004608e+00 
 5.37701459e-09  1.80004520e+00 
 5.42701459e-09  1.80004435e+00 
 5.47701459e-09  1.80004350e+00 
 5.52701459e-09  1.80004268e+00 
 5.57701459e-09  1.80004187e+00 
 5.62701459e-09  1.80004107e+00 
 5.67701459e-09  1.80004029e+00 
 5.72701459e-09  1.80003952e+00 
 5.77701459e-09  1.80003877e+00 
 5.82701459e-09  1.80003803e+00 
 5.87701459e-09  1.80003730e+00 
 5.92701459e-09  1.80003659e+00 
 5.97701459e-09  1.80003589e+00 
 6.02701459e-09  1.80003521e+00 
 6.07701459e-09  1.80003453e+00 
 6.12701459e-09  1.80003388e+00 
 6.17701459e-09  1.80003322e+00 
 6.22701459e-09  1.80003259e+00 
 6.27701459e-09  1.80003196e+00 
 6.32701459e-09  1.80003135e+00 
 6.37701459e-09  1.80003075e+00 
 6.42701459e-09  1.80003016e+00 
 6.47701459e-09  1.80002957e+00 
 6.52701459e-09  1.80002901e+00 
 6.57701459e-09  1.80002844e+00 
 6.62701459e-09  1.80002790e+00 
 6.67701459e-09  1.80002736e+00 
 6.72701459e-09  1.80002683e+00 
 6.77701459e-09  1.80002631e+00 
 6.82701459e-09  1.80002580e+00 
 6.87701459e-09  1.80002530e+00 
 6.92701459e-09  1.80002481e+00 
 6.97701459e-09  1.80002432e+00 
 7.02701459e-09  1.80002385e+00 
 7.07701459e-09  1.80002339e+00 
 7.12701459e-09  1.80002293e+00 
 7.17701459e-09  1.80002248e+00 
 7.22701459e-09  1.80002205e+00 
 7.27701459e-09  1.80002161e+00 
 7.32701459e-09  1.80002119e+00 
 7.37701459e-09  1.80002077e+00 
 7.42701459e-09  1.80002037e+00 
 7.47701459e-09  1.80001996e+00 
 7.52701459e-09  1.80001957e+00 
 7.57701459e-09  1.80001919e+00 
 7.62701459e-09  1.80001881e+00 
 7.67701459e-09  1.80001843e+00 
 7.72701459e-09  1.80001807e+00 
 7.77701459e-09  1.80001771e+00 
 7.82701459e-09  1.80001736e+00 
 7.87701459e-09  1.80001702e+00 
 7.92701459e-09  1.80001668e+00 
 7.97701459e-09  1.80001634e+00 
 8.02701459e-09  1.80001602e+00 
 8.07701459e-09  1.80001570e+00 
 8.12701459e-09  1.80001538e+00 
 8.17701459e-09  1.80001507e+00 
 8.22701459e-09  1.80001477e+00 
 8.27701459e-09  1.80001447e+00 
 8.32701459e-09  1.80001418e+00 
 8.37701459e-09  1.80001390e+00 
 8.42701459e-09  1.80001362e+00 
 8.47701459e-09  1.80001334e+00 
 8.52701459e-09  1.80001307e+00 
 8.57701459e-09  1.80001280e+00 
 8.62701459e-09  1.80001254e+00 
 8.67701459e-09  1.80001229e+00 
 8.72701459e-09  1.80001204e+00 
 8.77701459e-09  1.80001179e+00 
 8.82701459e-09  1.80001155e+00 
 8.87701459e-09  1.80001131e+00 
 8.92701459e-09  1.80001108e+00 
 8.97701459e-09  1.80001085e+00 
 9.02701459e-09  1.80001062e+00 
 9.07701459e-09  1.80001040e+00 
 9.12701459e-09  1.80001019e+00 
 9.17701459e-09  1.80000997e+00 
 9.22701459e-09  1.80000977e+00 
 9.27701459e-09  1.80000956e+00 
 9.32701459e-09  1.80000936e+00 
 9.37701459e-09  1.80000916e+00 
 9.42701459e-09  1.80000897e+00 
 9.47701459e-09  1.80000878e+00 
 9.52701459e-09  1.80000859e+00 
 9.57701459e-09  1.80000840e+00 
 9.62701459e-09  1.80000823e+00 
 9.67701459e-09  1.80000805e+00 
 9.72701459e-09  1.80000788e+00 
 9.77701459e-09  1.80000770e+00 
 9.82701459e-09  1.80000754e+00 
 9.87701459e-09  1.80000737e+00 
 9.92701459e-09  1.80000721e+00 
 9.97701459e-09  1.80000705e+00 
 1.00270146e-08  1.80000690e+00 
 1.00770146e-08  1.80000675e+00 
 1.01270146e-08  1.80000660e+00 
 1.01770146e-08  1.80000645e+00 
 1.02270146e-08  1.80000631e+00 
 1.02770146e-08  1.80000617e+00 
 1.03270146e-08  1.80000603e+00 
 1.03770146e-08  1.80000589e+00 
 1.04270146e-08  1.80000576e+00 
 1.04770146e-08  1.80000563e+00 
 1.05270146e-08  1.80000550e+00 
 1.05770146e-08  1.80000538e+00 
 1.06270146e-08  1.80000525e+00 
 1.06770146e-08  1.80000513e+00 
 1.07270146e-08  1.80000501e+00 
 1.07770146e-08  1.80000490e+00 
 1.08270146e-08  1.80000478e+00 
 1.08770146e-08  1.80000467e+00 
 1.09270146e-08  1.80000456e+00 
 1.09770146e-08  1.80000445e+00 
 1.10270146e-08  1.80000435e+00 
 1.10770146e-08  1.80000424e+00 
 1.11270146e-08  1.80000414e+00 
 1.11770146e-08  1.80000404e+00 
 1.12270146e-08  1.80000394e+00 
 1.12770146e-08  1.80000385e+00 
 1.13270146e-08  1.80000375e+00 
 1.13770146e-08  1.80000366e+00 
 1.14270146e-08  1.80000357e+00 
 1.14770146e-08  1.80000348e+00 
 1.15270146e-08  1.80000339e+00 
 1.15770146e-08  1.80000331e+00 
 1.16270146e-08  1.80000322e+00 
 1.16770146e-08  1.80000314e+00 
 1.17270146e-08  1.80000306e+00 
 1.17770146e-08  1.80000298e+00 
 1.18270146e-08  1.80000290e+00 
 1.18770146e-08  1.80000283e+00 
 1.19270146e-08  1.80000275e+00 
 1.19770146e-08  1.80000268e+00 
 1.20270146e-08  1.80000261e+00 
 1.20770146e-08  1.80000254e+00 
 1.21270146e-08  1.80000247e+00 
 1.21770146e-08  1.80000240e+00 
 1.22270146e-08  1.80000233e+00 
 1.22770146e-08  1.80000227e+00 
 1.23270146e-08  1.80000221e+00 
 1.23770146e-08  1.80000214e+00 
 1.24270146e-08  1.80000208e+00 
 1.24770146e-08  1.80000202e+00 
 1.25270146e-08  1.80000196e+00 
 1.25770146e-08  1.80000190e+00 
 1.26270146e-08  1.80000185e+00 
 1.26770146e-08  1.80000179e+00 
 1.27270146e-08  1.80000174e+00 
 1.27770146e-08  1.80000168e+00 
 1.28270146e-08  1.80000163e+00 
 1.28770146e-08  1.80000158e+00 
 1.29270146e-08  1.80000153e+00 
 1.29770146e-08  1.80000148e+00 
 1.30270146e-08  1.80000143e+00 
 1.30770146e-08  1.80000138e+00 
 1.31270146e-08  1.80000134e+00 
 1.31770146e-08  1.80000129e+00 
 1.32270146e-08  1.80000125e+00 
 1.32770146e-08  1.80000120e+00 
 1.33270146e-08  1.80000116e+00 
 1.33770146e-08  1.80000111e+00 
 1.34270146e-08  1.80000107e+00 
 1.34770146e-08  1.80000103e+00 
 1.35270146e-08  1.80000099e+00 
 1.35770146e-08  1.80000095e+00 
 1.36270146e-08  1.80000092e+00 
 1.36770146e-08  1.80000088e+00 
 1.37270146e-08  1.80000084e+00 
 1.37770146e-08  1.80000081e+00 
 1.38270146e-08  1.80000077e+00 
 1.38770146e-08  1.80000074e+00 
 1.39270146e-08  1.80000070e+00 
 1.39770146e-08  1.80000067e+00 
 1.40270146e-08  1.80000064e+00 
 1.40770146e-08  1.80000060e+00 
 1.41270146e-08  1.80000057e+00 
 1.41770146e-08  1.80000054e+00 
 1.42270146e-08  1.80000051e+00 
 1.42770146e-08  1.80000048e+00 
 1.43270146e-08  1.80000046e+00 
 1.43770146e-08  1.80000043e+00 
 1.44270146e-08  1.80000040e+00 
 1.44770146e-08  1.80000037e+00 
 1.45270146e-08  1.80000035e+00 
 1.45770146e-08  1.80000032e+00 
 1.46270146e-08  1.80000029e+00 
 1.46770146e-08  1.80000027e+00 
 1.47270146e-08  1.80000025e+00 
 1.47770146e-08  1.80000022e+00 
 1.48270146e-08  1.80000020e+00 
 1.48770146e-08  1.80000017e+00 
 1.49270146e-08  1.80000015e+00 
 1.49770146e-08  1.80000013e+00 
 1.50270146e-08  1.80000011e+00 
 1.50770146e-08  1.80000009e+00 
 1.51270146e-08  1.80000007e+00 
 1.51770146e-08  1.80000005e+00 
 1.52270146e-08  1.80000003e+00 
 1.52770146e-08  1.80000001e+00 
 1.53270146e-08  1.79999999e+00 
 1.53770146e-08  1.79999997e+00 
 1.54270146e-08  1.79999995e+00 
 1.54770146e-08  1.79999993e+00 
 1.55270146e-08  1.79999992e+00 
 1.55770146e-08  1.79999990e+00 
 1.56270146e-08  1.79999988e+00 
 1.56770146e-08  1.79999987e+00 
 1.57270146e-08  1.79999985e+00 
 1.57770146e-08  1.79999984e+00 
 1.58270146e-08  1.79999982e+00 
 1.58770146e-08  1.79999981e+00 
 1.59270146e-08  1.79999979e+00 
 1.59770146e-08  1.79999978e+00 
 1.60270146e-08  1.79999976e+00 
 1.60770146e-08  1.79999975e+00 
 1.61270146e-08  1.79999974e+00 
 1.61770146e-08  1.79999972e+00 
 1.62270146e-08  1.79999971e+00 
 1.62770146e-08  1.79999970e+00 
 1.63270146e-08  1.79999969e+00 
 1.63770146e-08  1.79999967e+00 
 1.64270146e-08  1.79999966e+00 
 1.64770146e-08  1.79999965e+00 
 1.65270146e-08  1.79999964e+00 
 1.65770146e-08  1.79999963e+00 
 1.66270146e-08  1.79999962e+00 
 1.66770146e-08  1.79999961e+00 
 1.67270146e-08  1.79999960e+00 
 1.67770146e-08  1.79999959e+00 
 1.68270146e-08  1.79999958e+00 
 1.68770146e-08  1.79999957e+00 
 1.69270146e-08  1.79999956e+00 
 1.69770146e-08  1.79999955e+00 
 1.70270146e-08  1.79999954e+00 
 1.70770146e-08  1.79999953e+00 
 1.71270146e-08  1.79999953e+00 
 1.71770146e-08  1.79999952e+00 
 1.72270146e-08  1.79999951e+00 
 1.72770146e-08  1.79999950e+00 
 1.73270146e-08  1.79999949e+00 
 1.73770146e-08  1.79999949e+00 
 1.74270146e-08  1.79999948e+00 
 1.74770146e-08  1.79999947e+00 
 1.75270146e-08  1.79999947e+00 
 1.75770146e-08  1.79999946e+00 
 1.76270146e-08  1.79999945e+00 
 1.76770146e-08  1.79999945e+00 
 1.77270146e-08  1.79999944e+00 
 1.77770146e-08  1.79999943e+00 
 1.78270146e-08  1.79999943e+00 
 1.78770146e-08  1.79999942e+00 
 1.79270146e-08  1.79999942e+00 
 1.79770146e-08  1.79999941e+00 
 1.80270146e-08  1.79999941e+00 
 1.80770146e-08  1.79999940e+00 
 1.81270146e-08  1.79999940e+00 
 1.81770146e-08  1.79999939e+00 
 1.82270146e-08  1.79999939e+00 
 1.82770146e-08  1.79999938e+00 
 1.83270146e-08  1.79999938e+00 
 1.83770146e-08  1.79999937e+00 
 1.84270146e-08  1.79999937e+00 
 1.84770146e-08  1.79999936e+00 
 1.85270146e-08  1.79999936e+00 
 1.85770146e-08  1.79999936e+00 
 1.86270146e-08  1.79999935e+00 
 1.86770146e-08  1.79999935e+00 
 1.87270146e-08  1.79999935e+00 
 1.87770146e-08  1.79999934e+00 
 1.88270146e-08  1.79999934e+00 
 1.88770146e-08  1.79999934e+00 
 1.89270146e-08  1.79999933e+00 
 1.89770146e-08  1.79999933e+00 
 1.90270146e-08  1.79999933e+00 
 1.90770146e-08  1.79999932e+00 
 1.91270146e-08  1.79999932e+00 
 1.91770146e-08  1.79999932e+00 
 1.92270146e-08  1.79999932e+00 
 1.92770146e-08  1.79999931e+00 
 1.93270146e-08  1.79999931e+00 
 1.93770146e-08  1.79999931e+00 
 1.94270146e-08  1.79999931e+00 
 1.94770146e-08  1.79999930e+00 
 1.95270146e-08  1.79999930e+00 
 1.95770146e-08  1.79999930e+00 
 1.96270146e-08  1.79999930e+00 
 1.96770146e-08  1.79999930e+00 
 1.97270146e-08  1.79999930e+00 
 1.97770146e-08  1.79999929e+00 
 1.98270146e-08  1.79999929e+00 
 1.98770146e-08  1.79999929e+00 
 1.99270146e-08  1.79999929e+00 
 1.99770146e-08  1.79999929e+00 
 2.00000000e-08  1.79999929e+00 
 2.00050000e-08  1.80005993e+00 
 2.00150000e-08  1.80018063e+00 
 2.00350000e-08  1.80041752e+00 
 2.00750000e-08  1.80073193e+00 
 2.01000000e-08  1.80077699e+00 
 2.01049448e-08  1.80077675e+00 
 2.01148344e-08  1.80077673e+00 
 2.01346136e-08  1.80077674e+00 
 2.01741720e-08  1.80077672e+00 
 2.02241720e-08  1.80077672e+00 
 2.02741720e-08  1.80077669e+00 
 2.03241720e-08  1.80077669e+00 
 2.03741720e-08  1.80077666e+00 
 2.04241720e-08  1.80077666e+00 
 2.04741720e-08  1.80077663e+00 
 2.05241720e-08  1.80077663e+00 
 2.05741720e-08  1.80077661e+00 
 2.06241720e-08  1.80077661e+00 
 2.06741720e-08  1.80077658e+00 
 2.07241720e-08  1.80077658e+00 
 2.07741720e-08  1.80077656e+00 
 2.08241720e-08  1.80077655e+00 
 2.08741720e-08  1.80077653e+00 
 2.09241720e-08  1.80077653e+00 
 2.09741720e-08  1.80077650e+00 
 2.10000000e-08  1.80077651e+00 
 2.10050000e-08  1.80077330e+00 
 2.10150000e-08  1.80076628e+00 
 2.10350000e-08  1.80075329e+00 
 2.10750000e-08  1.80075024e+00 
 2.11250000e-08  1.80075442e+00 
 2.11500000e-08  1.80077798e+00 
 2.11550000e-08  1.80078060e+00 
 2.11650000e-08  1.80078449e+00 
 2.11850000e-08  1.80077654e+00 
 2.12250000e-08  1.80070571e+00 
 2.12750000e-08  1.80057159e+00 
 2.13250000e-08  1.80043019e+00 
 2.13750000e-08  1.80028884e+00 
 2.14250000e-08  1.80014723e+00 
 2.14750000e-08  1.80000583e+00 
 2.15250000e-08  1.79986427e+00 
 2.15750000e-08  1.79972286e+00 
 2.16250000e-08  1.79958133e+00 
 2.16750000e-08  1.79943989e+00 
 2.17250000e-08  1.79929838e+00 
 2.17750000e-08  1.79915694e+00 
 2.18250000e-08  1.79901544e+00 
 2.18750000e-08  1.79887398e+00 
 2.19250000e-08  1.79873249e+00 
 2.19750000e-08  1.79859103e+00 
 2.20250000e-08  1.79844955e+00 
 2.20750000e-08  1.79830809e+00 
 2.21250000e-08  1.79816661e+00 
 2.21750000e-08  1.79802514e+00 
 2.22250000e-08  1.79788367e+00 
 2.22750000e-08  1.79774220e+00 
 2.23250000e-08  1.79760073e+00 
 2.23750000e-08  1.79745926e+00 
 2.24250000e-08  1.79731779e+00 
 2.24750000e-08  1.79717632e+00 
 2.25250000e-08  1.79703486e+00 
 2.25750000e-08  1.79689339e+00 
 2.26250000e-08  1.79675192e+00 
 2.26750000e-08  1.79661046e+00 
 2.27250000e-08  1.79646899e+00 
 2.27750000e-08  1.79632753e+00 
 2.28250000e-08  1.79618606e+00 
 2.28750000e-08  1.79604460e+00 
 2.29250000e-08  1.79590314e+00 
 2.29750000e-08  1.79576167e+00 
 2.30250000e-08  1.79562021e+00 
 2.30750000e-08  1.79547875e+00 
 2.31250000e-08  1.79533729e+00 
 2.31750000e-08  1.79519583e+00 
 2.32250000e-08  1.79505437e+00 
 2.32750000e-08  1.79491291e+00 
 2.33250000e-08  1.79477145e+00 
 2.33750000e-08  1.79462999e+00 
 2.34250000e-08  1.79448853e+00 
 2.34750000e-08  1.79434707e+00 
 2.35250000e-08  1.79420562e+00 
 2.35750000e-08  1.79406416e+00 
 2.36250000e-08  1.79392271e+00 
 2.36750000e-08  1.79378125e+00 
 2.37250000e-08  1.79363980e+00 
 2.37750000e-08  1.79349834e+00 
 2.38250000e-08  1.79335689e+00 
 2.38750000e-08  1.79321543e+00 
 2.39250000e-08  1.79307398e+00 
 2.39750000e-08  1.79293253e+00 
 2.40250000e-08  1.79279108e+00 
 2.40750000e-08  1.79264963e+00 
 2.41250000e-08  1.79250818e+00 
 2.41750000e-08  1.79236673e+00 
 2.42250000e-08  1.79222528e+00 
 2.42750000e-08  1.79208383e+00 
 2.43250000e-08  1.79194238e+00 
 2.43750000e-08  1.79180093e+00 
 2.44250000e-08  1.79165949e+00 
 2.44750000e-08  1.79151804e+00 
 2.45250000e-08  1.79137659e+00 
 2.45750000e-08  1.79123515e+00 
 2.46250000e-08  1.79109370e+00 
 2.46750000e-08  1.79095226e+00 
 2.47250000e-08  1.79081081e+00 
 2.47750000e-08  1.79066937e+00 
 2.48250000e-08  1.79052793e+00 
 2.48750000e-08  1.79038649e+00 
 2.49250000e-08  1.79024504e+00 
 2.49750000e-08  1.79010360e+00 
 2.50250000e-08  1.78996216e+00 
 2.50750000e-08  1.78982072e+00 
 2.51250000e-08  1.78967928e+00 
 2.51750000e-08  1.78953784e+00 
 2.52250000e-08  1.78939640e+00 
 2.52750000e-08  1.78925497e+00 
 2.53250000e-08  1.78911353e+00 
 2.53750000e-08  1.78897209e+00 
 2.54250000e-08  1.78883066e+00 
 2.54750000e-08  1.78868922e+00 
 2.55250000e-08  1.78854778e+00 
 2.55750000e-08  1.78840635e+00 
 2.56250000e-08  1.78826492e+00 
 2.56750000e-08  1.78812348e+00 
 2.57250000e-08  1.78798205e+00 
 2.57750000e-08  1.78784062e+00 
 2.58250000e-08  1.78769918e+00 
 2.58750000e-08  1.78755775e+00 
 2.59250000e-08  1.78741632e+00 
 2.59750000e-08  1.78727489e+00 
 2.60250000e-08  1.78713346e+00 
 2.60750000e-08  1.78699203e+00 
 2.61250000e-08  1.78685060e+00 
 2.61750000e-08  1.78670918e+00 
 2.62250000e-08  1.78656775e+00 
 2.62750000e-08  1.78642632e+00 
 2.63250000e-08  1.78628489e+00 
 2.63750000e-08  1.78614347e+00 
 2.64250000e-08  1.78600204e+00 
 2.64750000e-08  1.78586062e+00 
 2.65250000e-08  1.78571919e+00 
 2.65750000e-08  1.78557777e+00 
 2.66250000e-08  1.78543635e+00 
 2.66750000e-08  1.78529492e+00 
 2.67250000e-08  1.78515350e+00 
 2.67750000e-08  1.78501208e+00 
 2.68250000e-08  1.78487066e+00 
 2.68750000e-08  1.78472924e+00 
 2.69250000e-08  1.78458782e+00 
 2.69750000e-08  1.78444640e+00 
 2.70250000e-08  1.78430498e+00 
 2.70750000e-08  1.78416356e+00 
 2.71250000e-08  1.78402214e+00 
 2.71750000e-08  1.78388073e+00 
 2.72250000e-08  1.78373931e+00 
 2.72750000e-08  1.78359789e+00 
 2.73250000e-08  1.78345648e+00 
 2.73750000e-08  1.78331506e+00 
 2.74250000e-08  1.78317365e+00 
 2.74750000e-08  1.78303224e+00 
 2.75250000e-08  1.78289082e+00 
 2.75750000e-08  1.78274941e+00 
 2.76250000e-08  1.78260800e+00 
 2.76750000e-08  1.78246659e+00 
 2.77250000e-08  1.78232518e+00 
 2.77750000e-08  1.78218376e+00 
 2.78250000e-08  1.78204235e+00 
 2.78750000e-08  1.78190094e+00 
 2.79250000e-08  1.78175954e+00 
 2.79750000e-08  1.78161813e+00 
 2.80250000e-08  1.78147672e+00 
 2.80750000e-08  1.78133531e+00 
 2.81250000e-08  1.78119391e+00 
 2.81750000e-08  1.78105250e+00 
 2.82250000e-08  1.78091109e+00 
 2.82750000e-08  1.78076969e+00 
 2.83250000e-08  1.78062829e+00 
 2.83750000e-08  1.78048688e+00 
 2.84250000e-08  1.78034548e+00 
 2.84750000e-08  1.78020407e+00 
 2.85250000e-08  1.78006267e+00 
 2.85750000e-08  1.77992127e+00 
 2.86250000e-08  1.77977987e+00 
 2.86750000e-08  1.77963847e+00 
 2.87250000e-08  1.77949707e+00 
 2.87750000e-08  1.77935567e+00 
 2.88250000e-08  1.77921427e+00 
 2.88750000e-08  1.77907287e+00 
 2.89250000e-08  1.77893148e+00 
 2.89750000e-08  1.77879008e+00 
 2.90250000e-08  1.77864868e+00 
 2.90750000e-08  1.77850728e+00 
 2.91250000e-08  1.77836589e+00 
 2.91750000e-08  1.77822449e+00 
 2.92250000e-08  1.77808310e+00 
 2.92750000e-08  1.77794171e+00 
 2.93250000e-08  1.77780031e+00 
 2.93750000e-08  1.77765892e+00 
 2.94250000e-08  1.77751753e+00 
 2.94750000e-08  1.77737614e+00 
 2.95250000e-08  1.77723475e+00 
 2.95750000e-08  1.77709335e+00 
 2.96250000e-08  1.77695196e+00 
 2.96750000e-08  1.77681057e+00 
 2.97250000e-08  1.77666919e+00 
 2.97750000e-08  1.77652780e+00 
 2.98250000e-08  1.77638641e+00 
 2.98750000e-08  1.77624502e+00 
 2.99250000e-08  1.77610364e+00 
 2.99750000e-08  1.77596225e+00 
 3.00250000e-08  1.77582086e+00 
 3.00750000e-08  1.77567948e+00 
 3.01250000e-08  1.77553810e+00 
 3.01750000e-08  1.77539671e+00 
 3.02250000e-08  1.77525533e+00 
 3.02750000e-08  1.77511395e+00 
 3.03250000e-08  1.77497256e+00 
 3.03750000e-08  1.77483118e+00 
 3.04250000e-08  1.77468980e+00 
 3.04750000e-08  1.77454842e+00 
 3.05250000e-08  1.77440704e+00 
 3.05750000e-08  1.77426566e+00 
 3.06250000e-08  1.77412428e+00 
 3.06750000e-08  1.77398290e+00 
 3.07250000e-08  1.77384153e+00 
 3.07750000e-08  1.77370015e+00 
 3.08250000e-08  1.77355877e+00 
 3.08750000e-08  1.77341740e+00 
 3.09250000e-08  1.77327602e+00 
 3.09750000e-08  1.77313465e+00 
 3.10250000e-08  1.77299327e+00 
 3.10750000e-08  1.77285190e+00 
 3.11250000e-08  1.77271053e+00 
 3.11750000e-08  1.77256915e+00 
 3.12250000e-08  1.77242778e+00 
 3.12750000e-08  1.77228641e+00 
 3.13250000e-08  1.77214504e+00 
 3.13750000e-08  1.77200367e+00 
 3.14250000e-08  1.77186230e+00 
 3.14750000e-08  1.77172093e+00 
 3.15250000e-08  1.77157956e+00 
 3.15750000e-08  1.77143819e+00 
 3.16250000e-08  1.77129682e+00 
 3.16750000e-08  1.77115546e+00 
 3.17250000e-08  1.77101409e+00 
 3.17750000e-08  1.77087272e+00 
 3.18250000e-08  1.77073136e+00 
 3.18750000e-08  1.77058999e+00 
 3.19250000e-08  1.77044863e+00 
 3.19750000e-08  1.77030727e+00 
 3.20250000e-08  1.77016590e+00 
 3.20750000e-08  1.77002454e+00 
 3.21250000e-08  1.76988318e+00 
 3.21750000e-08  1.76974182e+00 
 3.22250000e-08  1.76960046e+00 
 3.22750000e-08  1.76945910e+00 
 3.23250000e-08  1.76931774e+00 
 3.23750000e-08  1.76917638e+00 
 3.24250000e-08  1.76903502e+00 
 3.24750000e-08  1.76889366e+00 
 3.25250000e-08  1.76875230e+00 
 3.25750000e-08  1.76861095e+00 
 3.26250000e-08  1.76846959e+00 
 3.26750000e-08  1.76832823e+00 
 3.27250000e-08  1.76818688e+00 
 3.27750000e-08  1.76804552e+00 
 3.28250000e-08  1.76790417e+00 
 3.28750000e-08  1.76776282e+00 
 3.29250000e-08  1.76762146e+00 
 3.29750000e-08  1.76748011e+00 
 3.30250000e-08  1.76733876e+00 
 3.30750000e-08  1.76719741e+00 
 3.31250000e-08  1.76705606e+00 
 3.31750000e-08  1.76691471e+00 
 3.32250000e-08  1.76677336e+00 
 3.32750000e-08  1.76663201e+00 
 3.33250000e-08  1.76649066e+00 
 3.33750000e-08  1.76634931e+00 
 3.34250000e-08  1.76620797e+00 
 3.34750000e-08  1.76606662e+00 
 3.35250000e-08  1.76592527e+00 
 3.35750000e-08  1.76578393e+00 
 3.36250000e-08  1.76564258e+00 
 3.36750000e-08  1.76550124e+00 
 3.37250000e-08  1.76535989e+00 
 3.37750000e-08  1.76521855e+00 
 3.38250000e-08  1.76507721e+00 
 3.38750000e-08  1.76493587e+00 
 3.39250000e-08  1.76479452e+00 
 3.39750000e-08  1.76465318e+00 
 3.40250000e-08  1.76451184e+00 
 3.40750000e-08  1.76437050e+00 
 3.41250000e-08  1.76422916e+00 
 3.41750000e-08  1.76408782e+00 
 3.42250000e-08  1.76394649e+00 
 3.42750000e-08  1.76380515e+00 
 3.43250000e-08  1.76366381e+00 
 3.43750000e-08  1.76352247e+00 
 3.44250000e-08  1.76338114e+00 
 3.44750000e-08  1.76323980e+00 
 3.45250000e-08  1.76309847e+00 
 3.45750000e-08  1.76295713e+00 
 3.46250000e-08  1.76281580e+00 
 3.46750000e-08  1.76267447e+00 
 3.47250000e-08  1.76253313e+00 
 3.47750000e-08  1.76239180e+00 
 3.48250000e-08  1.76225047e+00 
 3.48750000e-08  1.76210914e+00 
 3.49250000e-08  1.76196781e+00 
 3.49750000e-08  1.76182648e+00 
 3.50250000e-08  1.76168515e+00 
 3.50750000e-08  1.76154382e+00 
 3.51250000e-08  1.76140249e+00 
 3.51750000e-08  1.76126117e+00 
 3.52250000e-08  1.76111984e+00 
 3.52750000e-08  1.76097851e+00 
 3.53250000e-08  1.76083719e+00 
 3.53750000e-08  1.76069586e+00 
 3.54250000e-08  1.76055454e+00 
 3.54750000e-08  1.76041321e+00 
 3.55250000e-08  1.76027189e+00 
 3.55750000e-08  1.76013057e+00 
 3.56250000e-08  1.75998925e+00 
 3.56750000e-08  1.75984792e+00 
 3.57250000e-08  1.75970660e+00 
 3.57750000e-08  1.75956528e+00 
 3.58250000e-08  1.75942396e+00 
 3.58750000e-08  1.75928264e+00 
 3.59250000e-08  1.75914132e+00 
 3.59750000e-08  1.75900001e+00 
 3.60250000e-08  1.75885869e+00 
 3.60750000e-08  1.75871737e+00 
 3.61250000e-08  1.75857605e+00 
 3.61750000e-08  1.75843474e+00 
 3.62250000e-08  1.75829342e+00 
 3.62750000e-08  1.75815211e+00 
 3.63250000e-08  1.75801079e+00 
 3.63750000e-08  1.75786948e+00 
 3.64250000e-08  1.75772817e+00 
 3.64750000e-08  1.75758685e+00 
 3.65250000e-08  1.75744554e+00 
 3.65750000e-08  1.75730423e+00 
 3.66250000e-08  1.75716292e+00 
 3.66750000e-08  1.75702161e+00 
 3.67250000e-08  1.75688030e+00 
 3.67750000e-08  1.75673899e+00 
 3.68250000e-08  1.75659768e+00 
 3.68750000e-08  1.75645637e+00 
 3.69250000e-08  1.75631507e+00 
 3.69750000e-08  1.75617376e+00 
 3.70250000e-08  1.75603245e+00 
 3.70750000e-08  1.75589115e+00 
 3.71250000e-08  1.75574984e+00 
 3.71750000e-08  1.75560854e+00 
 3.72250000e-08  1.75546723e+00 
 3.72750000e-08  1.75532593e+00 
 3.73250000e-08  1.75518463e+00 
 3.73750000e-08  1.75504332e+00 
 3.74250000e-08  1.75490202e+00 
 3.74750000e-08  1.75476072e+00 
 3.75250000e-08  1.75461942e+00 
 3.75750000e-08  1.75447812e+00 
 3.76250000e-08  1.75433682e+00 
 3.76750000e-08  1.75419552e+00 
 3.77250000e-08  1.75405422e+00 
 3.77750000e-08  1.75391292e+00 
 3.78250000e-08  1.75377163e+00 
 3.78750000e-08  1.75363033e+00 
 3.79250000e-08  1.75348904e+00 
 3.79750000e-08  1.75334774e+00 
 3.80250000e-08  1.75320644e+00 
 3.80750000e-08  1.75306515e+00 
 3.81250000e-08  1.75292386e+00 
 3.81750000e-08  1.75278256e+00 
 3.82250000e-08  1.75264127e+00 
 3.82750000e-08  1.75249998e+00 
 3.83250000e-08  1.75235869e+00 
 3.83750000e-08  1.75221740e+00 
 3.84250000e-08  1.75207611e+00 
 3.84750000e-08  1.75193482e+00 
 3.85250000e-08  1.75179353e+00 
 3.85750000e-08  1.75165224e+00 
 3.86250000e-08  1.75151095e+00 
 3.86750000e-08  1.75136966e+00 
 3.87250000e-08  1.75122838e+00 
 3.87750000e-08  1.75108709e+00 
 3.88250000e-08  1.75094580e+00 
 3.88750000e-08  1.75080452e+00 
 3.89250000e-08  1.75066323e+00 
 3.89750000e-08  1.75052195e+00 
 3.90250000e-08  1.75038067e+00 
 3.90750000e-08  1.75023938e+00 
 3.91250000e-08  1.75009810e+00 
 3.91750000e-08  1.74995682e+00 
 3.92250000e-08  1.74981554e+00 
 3.92750000e-08  1.74967426e+00 
 3.93250000e-08  1.74953298e+00 
 3.93750000e-08  1.74939170e+00 
 3.94250000e-08  1.74925042e+00 
 3.94750000e-08  1.74910914e+00 
 3.95250000e-08  1.74896786e+00 
 3.95750000e-08  1.74882659e+00 
 3.96250000e-08  1.74868531e+00 
 3.96750000e-08  1.74854403e+00 
 3.97250000e-08  1.74840276e+00 
 3.97750000e-08  1.74826148e+00 
 3.98250000e-08  1.74812021e+00 
 3.98750000e-08  1.74797894e+00 
 3.99250000e-08  1.74783766e+00 
 3.99750000e-08  1.74769639e+00 
 4.00250000e-08  1.74755512e+00 
 4.00750000e-08  1.74741385e+00 
 4.01250000e-08  1.74727258e+00 
 4.01750000e-08  1.74713131e+00 
 4.02250000e-08  1.74699004e+00 
 4.02750000e-08  1.74684877e+00 
 4.03250000e-08  1.74670750e+00 
 4.03750000e-08  1.74656623e+00 
 4.04250000e-08  1.74642496e+00 
 4.04750000e-08  1.74628370e+00 
 4.05250000e-08  1.74614243e+00 
 4.05750000e-08  1.74600117e+00 
 4.06250000e-08  1.74585990e+00 
 4.06750000e-08  1.74571864e+00 
 4.07250000e-08  1.74557737e+00 
 4.07750000e-08  1.74543611e+00 
 4.08250000e-08  1.74529485e+00 
 4.08750000e-08  1.74515358e+00 
 4.09250000e-08  1.74501232e+00 
 4.09750000e-08  1.74487106e+00 
 4.10250000e-08  1.74472980e+00 
 4.10750000e-08  1.74458854e+00 
 4.11250000e-08  1.74444728e+00 
 4.11750000e-08  1.74430602e+00 
 4.12250000e-08  1.74416477e+00 
 4.12750000e-08  1.74402351e+00 
 4.13250000e-08  1.74388225e+00 
 4.13750000e-08  1.74374100e+00 
 4.14250000e-08  1.74359974e+00 
 4.14750000e-08  1.74345848e+00 
 4.15250000e-08  1.74331723e+00 
 4.15750000e-08  1.74317598e+00 
 4.16250000e-08  1.74303472e+00 
 4.16750000e-08  1.74289347e+00 
 4.17250000e-08  1.74275222e+00 
 4.17750000e-08  1.74261097e+00 
 4.18250000e-08  1.74246971e+00 
 4.18750000e-08  1.74232846e+00 
 4.19250000e-08  1.74218721e+00 
 4.19750000e-08  1.74204596e+00 
 4.20250000e-08  1.74190472e+00 
 4.20750000e-08  1.74176347e+00 
 4.21250000e-08  1.74162222e+00 
 4.21750000e-08  1.74148097e+00 
 4.22250000e-08  1.74133973e+00 
 4.22750000e-08  1.74119848e+00 
 4.23250000e-08  1.74105724e+00 
 4.23750000e-08  1.74091599e+00 
 4.24250000e-08  1.74077475e+00 
 4.24750000e-08  1.74063350e+00 
 4.25250000e-08  1.74049226e+00 
 4.25750000e-08  1.74035102e+00 
 4.26250000e-08  1.74020978e+00 
 4.26750000e-08  1.74006853e+00 
 4.27250000e-08  1.73992729e+00 
 4.27750000e-08  1.73978605e+00 
 4.28250000e-08  1.73964481e+00 
 4.28750000e-08  1.73950358e+00 
 4.29250000e-08  1.73936234e+00 
 4.29750000e-08  1.73922110e+00 
 4.30250000e-08  1.73907986e+00 
 4.30750000e-08  1.73893863e+00 
 4.31250000e-08  1.73879739e+00 
 4.31750000e-08  1.73865615e+00 
 4.32250000e-08  1.73851492e+00 
 4.32750000e-08  1.73837368e+00 
 4.33250000e-08  1.73823245e+00 
 4.33750000e-08  1.73809122e+00 
 4.34250000e-08  1.73794999e+00 
 4.34750000e-08  1.73780875e+00 
 4.35250000e-08  1.73766752e+00 
 4.35750000e-08  1.73752629e+00 
 4.36250000e-08  1.73738506e+00 
 4.36750000e-08  1.73724383e+00 
 4.37250000e-08  1.73710260e+00 
 4.37750000e-08  1.73696137e+00 
 4.38250000e-08  1.73682015e+00 
 4.38750000e-08  1.73667892e+00 
 4.39250000e-08  1.73653769e+00 
 4.39750000e-08  1.73639647e+00 
 4.40250000e-08  1.73625524e+00 
 4.40750000e-08  1.73611402e+00 
 4.41250000e-08  1.73597279e+00 
 4.41750000e-08  1.73583157e+00 
 4.42250000e-08  1.73569034e+00 
 4.42750000e-08  1.73554912e+00 
 4.43250000e-08  1.73540790e+00 
 4.43750000e-08  1.73526668e+00 
 4.44250000e-08  1.73512546e+00 
 4.44750000e-08  1.73498424e+00 
 4.45250000e-08  1.73484302e+00 
 4.45750000e-08  1.73470180e+00 
 4.46250000e-08  1.73456058e+00 
 4.46750000e-08  1.73441936e+00 
 4.47250000e-08  1.73427814e+00 
 4.47750000e-08  1.73413693e+00 
 4.48250000e-08  1.73399571e+00 
 4.48750000e-08  1.73385450e+00 
 4.49250000e-08  1.73371328e+00 
 4.49750000e-08  1.73357207e+00 
 4.50250000e-08  1.73343085e+00 
 4.50750000e-08  1.73328964e+00 
 4.51250000e-08  1.73314843e+00 
 4.51750000e-08  1.73300721e+00 
 4.52250000e-08  1.73286600e+00 
 4.52750000e-08  1.73272479e+00 
 4.53250000e-08  1.73258358e+00 
 4.53750000e-08  1.73244237e+00 
 4.54250000e-08  1.73230116e+00 
 4.54750000e-08  1.73215995e+00 
 4.55250000e-08  1.73201875e+00 
 4.55750000e-08  1.73187754e+00 
 4.56250000e-08  1.73173633e+00 
 4.56750000e-08  1.73159513e+00 
 4.57250000e-08  1.73145392e+00 
 4.57750000e-08  1.73131272e+00 
 4.58250000e-08  1.73117151e+00 
 4.58750000e-08  1.73103031e+00 
 4.59250000e-08  1.73088910e+00 
 4.59750000e-08  1.73074790e+00 
 4.60250000e-08  1.73060670e+00 
 4.60750000e-08  1.73046550e+00 
 4.61250000e-08  1.73032430e+00 
 4.61750000e-08  1.73018310e+00 
 4.62250000e-08  1.73004190e+00 
 4.62750000e-08  1.72990070e+00 
 4.63250000e-08  1.72975950e+00 
 4.63750000e-08  1.72961830e+00 
 4.64250000e-08  1.72947710e+00 
 4.64750000e-08  1.72933591e+00 
 4.65250000e-08  1.72919471e+00 
 4.65750000e-08  1.72905351e+00 
 4.66250000e-08  1.72891232e+00 
 4.66750000e-08  1.72877112e+00 
 4.67250000e-08  1.72862993e+00 
 4.67750000e-08  1.72848874e+00 
 4.68250000e-08  1.72834754e+00 
 4.68750000e-08  1.72820635e+00 
 4.69250000e-08  1.72806516e+00 
 4.69750000e-08  1.72792397e+00 
 4.70250000e-08  1.72778278e+00 
 4.70750000e-08  1.72764159e+00 
 4.71250000e-08  1.72750040e+00 
 4.71750000e-08  1.72735921e+00 
 4.72250000e-08  1.72721802e+00 
 4.72750000e-08  1.72707684e+00 
 4.73250000e-08  1.72693565e+00 
 4.73750000e-08  1.72679446e+00 
 4.74250000e-08  1.72665328e+00 
 4.74750000e-08  1.72651209e+00 
 4.75250000e-08  1.72637091e+00 
 4.75750000e-08  1.72622972e+00 
 4.76250000e-08  1.72608854e+00 
 4.76750000e-08  1.72594736e+00 
 4.77250000e-08  1.72580618e+00 
 4.77750000e-08  1.72566499e+00 
 4.78250000e-08  1.72552381e+00 
 4.78750000e-08  1.72538263e+00 
 4.79250000e-08  1.72524145e+00 
 4.79750000e-08  1.72510027e+00 
 4.80250000e-08  1.72495910e+00 
 4.80750000e-08  1.72481792e+00 
 4.81250000e-08  1.72467674e+00 
 4.81750000e-08  1.72453556e+00 
 4.82250000e-08  1.72439439e+00 
 4.82750000e-08  1.72425321e+00 
 4.83250000e-08  1.72411204e+00 
 4.83750000e-08  1.72397086e+00 
 4.84250000e-08  1.72382969e+00 
 4.84750000e-08  1.72368851e+00 
 4.85250000e-08  1.72354734e+00 
 4.85750000e-08  1.72340617e+00 
 4.86250000e-08  1.72326500e+00 
 4.86750000e-08  1.72312383e+00 
 4.87250000e-08  1.72298266e+00 
 4.87750000e-08  1.72284149e+00 
 4.88250000e-08  1.72270032e+00 
 4.88750000e-08  1.72255915e+00 
 4.89250000e-08  1.72241798e+00 
 4.89750000e-08  1.72227681e+00 
 4.90250000e-08  1.72213565e+00 
 4.90750000e-08  1.72199448e+00 
 4.91250000e-08  1.72185332e+00 
 4.91750000e-08  1.72171215e+00 
 4.92250000e-08  1.72157099e+00 
 4.92750000e-08  1.72142982e+00 
 4.93250000e-08  1.72128866e+00 
 4.93750000e-08  1.72114750e+00 
 4.94250000e-08  1.72100633e+00 
 4.94750000e-08  1.72086517e+00 
 4.95250000e-08  1.72072401e+00 
 4.95750000e-08  1.72058285e+00 
 4.96250000e-08  1.72044169e+00 
 4.96750000e-08  1.72030053e+00 
 4.97250000e-08  1.72015937e+00 
 4.97750000e-08  1.72001822e+00 
 4.98250000e-08  1.71987706e+00 
 4.98750000e-08  1.71973590e+00 
 4.99250000e-08  1.71959475e+00 
 4.99750000e-08  1.71945359e+00 
 5.00250000e-08  1.71931244e+00 
 5.00750000e-08  1.71917128e+00 
 5.01250000e-08  1.71903013e+00 
 5.01750000e-08  1.71888897e+00 
 5.02250000e-08  1.71874782e+00 
 5.02750000e-08  1.71860667e+00 
 5.03250000e-08  1.71846552e+00 
 5.03750000e-08  1.71832437e+00 
 5.04250000e-08  1.71818322e+00 
 5.04750000e-08  1.71804207e+00 
 5.05250000e-08  1.71790092e+00 
 5.05750000e-08  1.71775977e+00 
 5.06250000e-08  1.71761862e+00 
 5.06750000e-08  1.71747747e+00 
 5.07250000e-08  1.71733633e+00 
 5.07750000e-08  1.71719518e+00 
 5.08250000e-08  1.71705404e+00 
 5.08750000e-08  1.71691289e+00 
 5.09250000e-08  1.71677175e+00 
 5.09750000e-08  1.71663060e+00 
 5.10250000e-08  1.71648946e+00 
 5.10750000e-08  1.71634832e+00 
 5.11250000e-08  1.71620718e+00 
 5.11750000e-08  1.71606603e+00 
 5.12250000e-08  1.71592489e+00 
 5.12750000e-08  1.71578375e+00 
 5.13250000e-08  1.71564261e+00 
 5.13750000e-08  1.71550148e+00 
 5.14250000e-08  1.71536034e+00 
 5.14750000e-08  1.71521920e+00 
 5.15250000e-08  1.71507806e+00 
 5.15750000e-08  1.71493693e+00 
 5.16250000e-08  1.71479579e+00 
 5.16750000e-08  1.71465465e+00 
 5.17250000e-08  1.71451352e+00 
 5.17750000e-08  1.71437239e+00 
 5.18250000e-08  1.71423125e+00 
 5.18750000e-08  1.71409012e+00 
 5.19250000e-08  1.71394899e+00 
 5.19750000e-08  1.71380786e+00 
 5.20250000e-08  1.71366672e+00 
 5.20750000e-08  1.71352559e+00 
 5.21250000e-08  1.71338446e+00 
 5.21750000e-08  1.71324333e+00 
 5.22250000e-08  1.71310221e+00 
 5.22750000e-08  1.71296108e+00 
 5.23250000e-08  1.71281995e+00 
 5.23750000e-08  1.71267882e+00 
 5.24250000e-08  1.71253770e+00 
 5.24750000e-08  1.71239657e+00 
 5.25250000e-08  1.71225545e+00 
 5.25750000e-08  1.71211432e+00 
 5.26250000e-08  1.71197320e+00 
 5.26750000e-08  1.71183207e+00 
 5.27250000e-08  1.71169095e+00 
 5.27750000e-08  1.71154983e+00 
 5.28250000e-08  1.71140871e+00 
 5.28750000e-08  1.71126759e+00 
 5.29250000e-08  1.71112647e+00 
 5.29750000e-08  1.71098535e+00 
 5.30250000e-08  1.71084423e+00 
 5.30750000e-08  1.71070311e+00 
 5.31250000e-08  1.71056199e+00 
 5.31750000e-08  1.71042087e+00 
 5.32250000e-08  1.71027976e+00 
 5.32750000e-08  1.71013864e+00 
 5.33250000e-08  1.70999752e+00 
 5.33750000e-08  1.70985641e+00 
 5.34250000e-08  1.70971529e+00 
 5.34750000e-08  1.70957418e+00 
 5.35250000e-08  1.70943307e+00 
 5.35750000e-08  1.70929195e+00 
 5.36250000e-08  1.70915084e+00 
 5.36750000e-08  1.70900973e+00 
 5.37250000e-08  1.70886862e+00 
 5.37750000e-08  1.70872751e+00 
 5.38250000e-08  1.70858640e+00 
 5.38750000e-08  1.70844529e+00 
 5.39250000e-08  1.70830418e+00 
 5.39750000e-08  1.70816308e+00 
 5.40250000e-08  1.70802197e+00 
 5.40750000e-08  1.70788086e+00 
 5.41250000e-08  1.70773976e+00 
 5.41750000e-08  1.70759865e+00 
 5.42250000e-08  1.70745755e+00 
 5.42750000e-08  1.70731644e+00 
 5.43250000e-08  1.70717534e+00 
 5.43750000e-08  1.70703423e+00 
 5.44250000e-08  1.70689313e+00 
 5.44750000e-08  1.70675203e+00 
 5.45250000e-08  1.70661093e+00 
 5.45750000e-08  1.70646983e+00 
 5.46250000e-08  1.70632873e+00 
 5.46750000e-08  1.70618763e+00 
 5.47250000e-08  1.70604653e+00 
 5.47750000e-08  1.70590543e+00 
 5.48250000e-08  1.70576433e+00 
 5.48750000e-08  1.70562324e+00 
 5.49250000e-08  1.70548214e+00 
 5.49750000e-08  1.70534104e+00 
 5.50250000e-08  1.70519995e+00 
 5.50750000e-08  1.70505886e+00 
 5.51250000e-08  1.70491776e+00 
 5.51750000e-08  1.70477667e+00 
 5.52250000e-08  1.70463558e+00 
 5.52750000e-08  1.70449448e+00 
 5.53250000e-08  1.70435339e+00 
 5.53750000e-08  1.70421230e+00 
 5.54250000e-08  1.70407121e+00 
 5.54750000e-08  1.70393012e+00 
 5.55250000e-08  1.70378903e+00 
 5.55750000e-08  1.70364794e+00 
 5.56250000e-08  1.70350685e+00 
 5.56750000e-08  1.70336577e+00 
 5.57250000e-08  1.70322468e+00 
 5.57750000e-08  1.70308359e+00 
 5.58250000e-08  1.70294251e+00 
 5.58750000e-08  1.70280142e+00 
 5.59250000e-08  1.70266034e+00 
 5.59750000e-08  1.70251926e+00 
 5.60250000e-08  1.70237817e+00 
 5.60750000e-08  1.70223709e+00 
 5.61250000e-08  1.70209601e+00 
 5.61750000e-08  1.70195493e+00 
 5.62250000e-08  1.70181385e+00 
 5.62750000e-08  1.70167277e+00 
 5.63250000e-08  1.70153169e+00 
 5.63750000e-08  1.70139061e+00 
 5.64250000e-08  1.70124953e+00 
 5.64750000e-08  1.70110845e+00 
 5.65250000e-08  1.70096737e+00 
 5.65750000e-08  1.70082630e+00 
 5.66250000e-08  1.70068522e+00 
 5.66750000e-08  1.70054415e+00 
 5.67250000e-08  1.70040307e+00 
 5.67750000e-08  1.70026200e+00 
 5.68250000e-08  1.70012092e+00 
 5.68750000e-08  1.69997985e+00 
 5.69250000e-08  1.69983878e+00 
 5.69750000e-08  1.69969771e+00 
 5.70250000e-08  1.69955664e+00 
 5.70750000e-08  1.69941557e+00 
 5.71250000e-08  1.69927450e+00 
 5.71750000e-08  1.69913343e+00 
 5.72250000e-08  1.69899236e+00 
 5.72750000e-08  1.69885129e+00 
 5.73250000e-08  1.69871022e+00 
 5.73750000e-08  1.69856916e+00 
 5.74250000e-08  1.69842809e+00 
 5.74750000e-08  1.69828702e+00 
 5.75250000e-08  1.69814596e+00 
 5.75750000e-08  1.69800489e+00 
 5.76250000e-08  1.69786383e+00 
 5.76750000e-08  1.69772277e+00 
 5.77250000e-08  1.69758170e+00 
 5.77750000e-08  1.69744064e+00 
 5.78250000e-08  1.69729958e+00 
 5.78750000e-08  1.69715852e+00 
 5.79250000e-08  1.69701746e+00 
 5.79750000e-08  1.69687640e+00 
 5.80250000e-08  1.69673534e+00 
 5.80750000e-08  1.69659428e+00 
 5.81250000e-08  1.69645323e+00 
 5.81750000e-08  1.69631217e+00 
 5.82250000e-08  1.69617111e+00 
 5.82750000e-08  1.69603006e+00 
 5.83250000e-08  1.69588900e+00 
 5.83750000e-08  1.69574795e+00 
 5.84250000e-08  1.69560689e+00 
 5.84750000e-08  1.69546584e+00 
 5.85250000e-08  1.69532479e+00 
 5.85750000e-08  1.69518373e+00 
 5.86250000e-08  1.69504268e+00 
 5.86750000e-08  1.69490163e+00 
 5.87250000e-08  1.69476058e+00 
 5.87750000e-08  1.69461953e+00 
 5.88250000e-08  1.69447848e+00 
 5.88750000e-08  1.69433743e+00 
 5.89250000e-08  1.69419639e+00 
 5.89750000e-08  1.69405534e+00 
 5.90250000e-08  1.69391429e+00 
 5.90750000e-08  1.69377324e+00 
 5.91250000e-08  1.69363220e+00 
 5.91750000e-08  1.69349115e+00 
 5.92250000e-08  1.69335011e+00 
 5.92750000e-08  1.69320907e+00 
 5.93250000e-08  1.69306802e+00 
 5.93750000e-08  1.69292698e+00 
 5.94250000e-08  1.69278594e+00 
 5.94750000e-08  1.69264490e+00 
 5.95250000e-08  1.69250386e+00 
 5.95750000e-08  1.69236282e+00 
 5.96250000e-08  1.69222178e+00 
 5.96750000e-08  1.69208074e+00 
 5.97250000e-08  1.69193970e+00 
 5.97750000e-08  1.69179866e+00 
 5.98250000e-08  1.69165763e+00 
 5.98750000e-08  1.69151659e+00 
 5.99250000e-08  1.69137555e+00 
 5.99750000e-08  1.69123452e+00 
 6.00250000e-08  1.69109348e+00 
 6.00750000e-08  1.69095245e+00 
 6.01250000e-08  1.69081142e+00 
 6.01750000e-08  1.69067038e+00 
 6.02250000e-08  1.69052935e+00 
 6.02750000e-08  1.69038832e+00 
 6.03250000e-08  1.69024729e+00 
 6.03750000e-08  1.69010626e+00 
 6.04250000e-08  1.68996523e+00 
 6.04750000e-08  1.68982420e+00 
 6.05250000e-08  1.68968317e+00 
 6.05750000e-08  1.68954214e+00 
 6.06250000e-08  1.68940112e+00 
 6.06750000e-08  1.68926009e+00 
 6.07250000e-08  1.68911906e+00 
 6.07750000e-08  1.68897804e+00 
 6.08250000e-08  1.68883701e+00 
 6.08750000e-08  1.68869599e+00 
 6.09250000e-08  1.68855497e+00 
 6.09750000e-08  1.68841394e+00 
 6.10250000e-08  1.68827292e+00 
 6.10750000e-08  1.68813190e+00 
 6.11250000e-08  1.68799088e+00 
 6.11750000e-08  1.68784986e+00 
 6.12250000e-08  1.68770884e+00 
 6.12750000e-08  1.68756782e+00 
 6.13250000e-08  1.68742680e+00 
 6.13750000e-08  1.68728578e+00 
 6.14250000e-08  1.68714476e+00 
 6.14750000e-08  1.68700375e+00 
 6.15250000e-08  1.68686273e+00 
 6.15750000e-08  1.68672171e+00 
 6.16250000e-08  1.68658070e+00 
 6.16750000e-08  1.68643969e+00 
 6.17250000e-08  1.68629867e+00 
 6.17750000e-08  1.68615766e+00 
 6.18250000e-08  1.68601665e+00 
 6.18750000e-08  1.68587563e+00 
 6.19250000e-08  1.68573462e+00 
 6.19750000e-08  1.68559361e+00 
 6.20250000e-08  1.68545260e+00 
 6.20750000e-08  1.68531159e+00 
 6.21250000e-08  1.68517058e+00 
 6.21750000e-08  1.68502957e+00 
 6.22250000e-08  1.68488857e+00 
 6.22750000e-08  1.68474756e+00 
 6.23250000e-08  1.68460655e+00 
 6.23750000e-08  1.68446555e+00 
 6.24250000e-08  1.68432454e+00 
 6.24750000e-08  1.68418354e+00 
 6.25250000e-08  1.68404253e+00 
 6.25750000e-08  1.68390153e+00 
 6.26250000e-08  1.68376053e+00 
 6.26750000e-08  1.68361953e+00 
 6.27250000e-08  1.68347853e+00 
 6.27750000e-08  1.68333752e+00 
 6.28250000e-08  1.68319652e+00 
 6.28750000e-08  1.68305552e+00 
 6.29250000e-08  1.68291453e+00 
 6.29750000e-08  1.68277353e+00 
 6.30250000e-08  1.68263253e+00 
 6.30750000e-08  1.68249153e+00 
 6.31250000e-08  1.68235054e+00 
 6.31750000e-08  1.68220954e+00 
 6.32250000e-08  1.68206854e+00 
 6.32750000e-08  1.68192755e+00 
 6.33250000e-08  1.68178656e+00 
 6.33750000e-08  1.68164556e+00 
 6.34250000e-08  1.68150457e+00 
 6.34750000e-08  1.68136358e+00 
 6.35250000e-08  1.68122259e+00 
 6.35750000e-08  1.68108159e+00 
 6.36250000e-08  1.68094060e+00 
 6.36750000e-08  1.68079961e+00 
 6.37250000e-08  1.68065863e+00 
 6.37750000e-08  1.68051764e+00 
 6.38250000e-08  1.68037665e+00 
 6.38750000e-08  1.68023566e+00 
 6.39250000e-08  1.68009467e+00 
 6.39750000e-08  1.67995369e+00 
 6.40250000e-08  1.67981270e+00 
 6.40750000e-08  1.67967172e+00 
 6.41250000e-08  1.67953073e+00 
 6.41750000e-08  1.67938975e+00 
 6.42250000e-08  1.67924877e+00 
 6.42750000e-08  1.67910778e+00 
 6.43250000e-08  1.67896680e+00 
 6.43750000e-08  1.67882582e+00 
 6.44250000e-08  1.67868484e+00 
 6.44750000e-08  1.67854386e+00 
 6.45250000e-08  1.67840288e+00 
 6.45750000e-08  1.67826190e+00 
 6.46250000e-08  1.67812093e+00 
 6.46750000e-08  1.67797995e+00 
 6.47250000e-08  1.67783897e+00 
 6.47750000e-08  1.67769800e+00 
 6.48250000e-08  1.67755702e+00 
 6.48750000e-08  1.67741605e+00 
 6.49250000e-08  1.67727507e+00 
 6.49750000e-08  1.67713410e+00 
 6.50250000e-08  1.67699312e+00 
 6.50750000e-08  1.67685215e+00 
 6.51250000e-08  1.67671118e+00 
 6.51750000e-08  1.67657021e+00 
 6.52250000e-08  1.67642924e+00 
 6.52750000e-08  1.67628827e+00 
 6.53250000e-08  1.67614730e+00 
 6.53750000e-08  1.67600633e+00 
 6.54250000e-08  1.67586536e+00 
 6.54750000e-08  1.67572439e+00 
 6.55250000e-08  1.67558343e+00 
 6.55750000e-08  1.67544246e+00 
 6.56250000e-08  1.67530150e+00 
 6.56750000e-08  1.67516053e+00 
 6.57250000e-08  1.67501957e+00 
 6.57750000e-08  1.67487860e+00 
 6.58250000e-08  1.67473764e+00 
 6.58750000e-08  1.67459668e+00 
 6.59250000e-08  1.67445572e+00 
 6.59750000e-08  1.67431475e+00 
 6.60250000e-08  1.67417379e+00 
 6.60750000e-08  1.67403283e+00 
 6.61250000e-08  1.67389187e+00 
 6.61750000e-08  1.67375091e+00 
 6.62250000e-08  1.67360996e+00 
 6.62750000e-08  1.67346900e+00 
 6.63250000e-08  1.67332804e+00 
 6.63750000e-08  1.67318709e+00 
 6.64250000e-08  1.67304613e+00 
 6.64750000e-08  1.67290518e+00 
 6.65250000e-08  1.67276422e+00 
 6.65750000e-08  1.67262327e+00 
 6.66250000e-08  1.67248231e+00 
 6.66750000e-08  1.67234136e+00 
 6.67250000e-08  1.67220041e+00 
 6.67750000e-08  1.67205946e+00 
 6.68250000e-08  1.67191851e+00 
 6.68750000e-08  1.67177756e+00 
 6.69250000e-08  1.67163661e+00 
 6.69750000e-08  1.67149566e+00 
 6.70250000e-08  1.67135471e+00 
 6.70750000e-08  1.67121376e+00 
 6.71250000e-08  1.67107282e+00 
 6.71750000e-08  1.67093187e+00 
 6.72250000e-08  1.67079092e+00 
 6.72750000e-08  1.67064998e+00 
 6.73250000e-08  1.67050903e+00 
 6.73750000e-08  1.67036809e+00 
 6.74250000e-08  1.67022715e+00 
 6.74750000e-08  1.67008621e+00 
 6.75250000e-08  1.66994526e+00 
 6.75750000e-08  1.66980432e+00 
 6.76250000e-08  1.66966338e+00 
 6.76750000e-08  1.66952244e+00 
 6.77250000e-08  1.66938150e+00 
 6.77750000e-08  1.66924056e+00 
 6.78250000e-08  1.66909962e+00 
 6.78750000e-08  1.66895869e+00 
 6.79250000e-08  1.66881775e+00 
 6.79750000e-08  1.66867681e+00 
 6.80250000e-08  1.66853588e+00 
 6.80750000e-08  1.66839494e+00 
 6.81250000e-08  1.66825401e+00 
 6.81750000e-08  1.66811307e+00 
 6.82250000e-08  1.66797214e+00 
 6.82750000e-08  1.66783121e+00 
 6.83250000e-08  1.66769028e+00 
 6.83750000e-08  1.66754935e+00 
 6.84250000e-08  1.66740842e+00 
 6.84750000e-08  1.66726748e+00 
 6.85250000e-08  1.66712656e+00 
 6.85750000e-08  1.66698563e+00 
 6.86250000e-08  1.66684470e+00 
 6.86750000e-08  1.66670377e+00 
 6.87250000e-08  1.66656284e+00 
 6.87750000e-08  1.66642192e+00 
 6.88250000e-08  1.66628099e+00 
 6.88750000e-08  1.66614007e+00 
 6.89250000e-08  1.66599914e+00 
 6.89750000e-08  1.66585822e+00 
 6.90250000e-08  1.66571730e+00 
 6.90750000e-08  1.66557637e+00 
 6.91250000e-08  1.66543545e+00 
 6.91750000e-08  1.66529453e+00 
 6.92250000e-08  1.66515361e+00 
 6.92750000e-08  1.66501269e+00 
 6.93250000e-08  1.66487177e+00 
 6.93750000e-08  1.66473085e+00 
 6.94250000e-08  1.66458993e+00 
 6.94750000e-08  1.66444902e+00 
 6.95250000e-08  1.66430810e+00 
 6.95750000e-08  1.66416718e+00 
 6.96250000e-08  1.66402627e+00 
 6.96750000e-08  1.66388535e+00 
 6.97250000e-08  1.66374444e+00 
 6.97750000e-08  1.66360352e+00 
 6.98250000e-08  1.66346261e+00 
 6.98750000e-08  1.66332170e+00 
 6.99250000e-08  1.66318079e+00 
 6.99750000e-08  1.66303987e+00 
 7.00250000e-08  1.66289896e+00 
 7.00750000e-08  1.66275805e+00 
 7.01250000e-08  1.66261714e+00 
 7.01750000e-08  1.66247624e+00 
 7.02250000e-08  1.66233533e+00 
 7.02750000e-08  1.66219442e+00 
 7.03250000e-08  1.66205351e+00 
 7.03750000e-08  1.66191261e+00 
 7.04250000e-08  1.66177170e+00 
 7.04750000e-08  1.66163080e+00 
 7.05250000e-08  1.66148989e+00 
 7.05750000e-08  1.66134899e+00 
 7.06250000e-08  1.66120809e+00 
 7.06750000e-08  1.66106718e+00 
 7.07250000e-08  1.66092628e+00 
 7.07750000e-08  1.66078538e+00 
 7.08250000e-08  1.66064448e+00 
 7.08750000e-08  1.66050358e+00 
 7.09250000e-08  1.66036268e+00 
 7.09750000e-08  1.66022178e+00 
 7.10250000e-08  1.66008088e+00 
 7.10750000e-08  1.65993999e+00 
 7.11250000e-08  1.65979909e+00 
 7.11750000e-08  1.65965819e+00 
 7.12250000e-08  1.65951730e+00 
 7.12750000e-08  1.65937640e+00 
 7.13250000e-08  1.65923551e+00 
 7.13750000e-08  1.65909462e+00 
 7.14250000e-08  1.65895372e+00 
 7.14750000e-08  1.65881283e+00 
 7.15250000e-08  1.65867194e+00 
 7.15750000e-08  1.65853105e+00 
 7.16250000e-08  1.65839016e+00 
 7.16750000e-08  1.65824927e+00 
 7.17250000e-08  1.65810838e+00 
 7.17750000e-08  1.65796749e+00 
 7.18250000e-08  1.65782660e+00 
 7.18750000e-08  1.65768571e+00 
 7.19250000e-08  1.65754483e+00 
 7.19750000e-08  1.65740394e+00 
 7.20250000e-08  1.65726306e+00 
 7.20750000e-08  1.65712217e+00 
 7.21250000e-08  1.65698129e+00 
 7.21750000e-08  1.65684040e+00 
 7.22250000e-08  1.65669952e+00 
 7.22750000e-08  1.65655864e+00 
 7.23250000e-08  1.65641776e+00 
 7.23750000e-08  1.65627688e+00 
 7.24250000e-08  1.65613600e+00 
 7.24750000e-08  1.65599512e+00 
 7.25250000e-08  1.65585424e+00 
 7.25750000e-08  1.65571336e+00 
 7.26250000e-08  1.65557248e+00 
 7.26750000e-08  1.65543160e+00 
 7.27250000e-08  1.65529073e+00 
 7.27750000e-08  1.65514985e+00 
 7.28250000e-08  1.65500898e+00 
 7.28750000e-08  1.65486810e+00 
 7.29250000e-08  1.65472723e+00 
 7.29750000e-08  1.65458636e+00 
 7.30250000e-08  1.65444548e+00 
 7.30750000e-08  1.65430461e+00 
 7.31250000e-08  1.65416374e+00 
 7.31750000e-08  1.65402287e+00 
 7.32250000e-08  1.65388200e+00 
 7.32750000e-08  1.65374113e+00 
 7.33250000e-08  1.65360026e+00 
 7.33750000e-08  1.65345939e+00 
 7.34250000e-08  1.65331852e+00 
 7.34750000e-08  1.65317766e+00 
 7.35250000e-08  1.65303679e+00 
 7.35750000e-08  1.65289593e+00 
 7.36250000e-08  1.65275506e+00 
 7.36750000e-08  1.65261420e+00 
 7.37250000e-08  1.65247333e+00 
 7.37750000e-08  1.65233247e+00 
 7.38250000e-08  1.65219161e+00 
 7.38750000e-08  1.65205074e+00 
 7.39250000e-08  1.65190988e+00 
 7.39750000e-08  1.65176902e+00 
 7.40250000e-08  1.65162816e+00 
 7.40750000e-08  1.65148730e+00 
 7.41250000e-08  1.65134645e+00 
 7.41750000e-08  1.65120559e+00 
 7.42250000e-08  1.65106473e+00 
 7.42750000e-08  1.65092387e+00 
 7.43250000e-08  1.65078302e+00 
 7.43750000e-08  1.65064216e+00 
 7.44250000e-08  1.65050131e+00 
 7.44750000e-08  1.65036045e+00 
 7.45250000e-08  1.65021960e+00 
 7.45750000e-08  1.65007875e+00 
 7.46250000e-08  1.64993789e+00 
 7.46750000e-08  1.64979704e+00 
 7.47250000e-08  1.64965619e+00 
 7.47750000e-08  1.64951534e+00 
 7.48250000e-08  1.64937449e+00 
 7.48750000e-08  1.64923364e+00 
 7.49250000e-08  1.64909279e+00 
 7.49750000e-08  1.64895195e+00 
 7.50250000e-08  1.64881110e+00 
 7.50750000e-08  1.64867025e+00 
 7.51250000e-08  1.64852941e+00 
 7.51750000e-08  1.64838856e+00 
 7.52250000e-08  1.64824772e+00 
 7.52750000e-08  1.64810687e+00 
 7.53250000e-08  1.64796603e+00 
 7.53750000e-08  1.64782519e+00 
 7.54250000e-08  1.64768434e+00 
 7.54750000e-08  1.64754350e+00 
 7.55250000e-08  1.64740266e+00 
 7.55750000e-08  1.64726182e+00 
 7.56250000e-08  1.64712098e+00 
 7.56750000e-08  1.64698014e+00 
 7.57250000e-08  1.64683931e+00 
 7.57750000e-08  1.64669847e+00 
 7.58250000e-08  1.64655763e+00 
 7.58750000e-08  1.64641679e+00 
 7.59250000e-08  1.64627596e+00 
 7.59750000e-08  1.64613512e+00 
 7.60250000e-08  1.64599429e+00 
 7.60750000e-08  1.64585346e+00 
 7.61250000e-08  1.64571262e+00 
 7.61750000e-08  1.64557179e+00 
 7.62250000e-08  1.64543096e+00 
 7.62750000e-08  1.64529013e+00 
 7.63250000e-08  1.64514930e+00 
 7.63750000e-08  1.64500847e+00 
 7.64250000e-08  1.64486764e+00 
 7.64750000e-08  1.64472681e+00 
 7.65250000e-08  1.64458598e+00 
 7.65750000e-08  1.64444515e+00 
 7.66250000e-08  1.64430433e+00 
 7.66750000e-08  1.64416350e+00 
 7.67250000e-08  1.64402268e+00 
 7.67750000e-08  1.64388185e+00 
 7.68250000e-08  1.64374103e+00 
 7.68750000e-08  1.64360020e+00 
 7.69250000e-08  1.64345938e+00 
 7.69750000e-08  1.64331856e+00 
 7.70250000e-08  1.64317774e+00 
 7.70750000e-08  1.64303692e+00 
 7.71250000e-08  1.64289610e+00 
 7.71750000e-08  1.64275528e+00 
 7.72250000e-08  1.64261446e+00 
 7.72750000e-08  1.64247364e+00 
 7.73250000e-08  1.64233282e+00 
 7.73750000e-08  1.64219200e+00 
 7.74250000e-08  1.64205119e+00 
 7.74750000e-08  1.64191037e+00 
 7.75250000e-08  1.64176956e+00 
 7.75750000e-08  1.64162874e+00 
 7.76250000e-08  1.64148793e+00 
 7.76750000e-08  1.64134711e+00 
 7.77250000e-08  1.64120630e+00 
 7.77750000e-08  1.64106549e+00 
 7.78250000e-08  1.64092468e+00 
 7.78750000e-08  1.64078387e+00 
 7.79250000e-08  1.64064306e+00 
 7.79750000e-08  1.64050225e+00 
 7.80250000e-08  1.64036144e+00 
 7.80750000e-08  1.64022063e+00 
 7.81250000e-08  1.64007983e+00 
 7.81750000e-08  1.63993902e+00 
 7.82250000e-08  1.63979821e+00 
 7.82750000e-08  1.63965741e+00 
 7.83250000e-08  1.63951660e+00 
 7.83750000e-08  1.63937580e+00 
 7.84250000e-08  1.63923500e+00 
 7.84750000e-08  1.63909419e+00 
 7.85250000e-08  1.63895339e+00 
 7.85750000e-08  1.63881259e+00 
 7.86250000e-08  1.63867179e+00 
 7.86750000e-08  1.63853099e+00 
 7.87250000e-08  1.63839019e+00 
 7.87750000e-08  1.63824939e+00 
 7.88250000e-08  1.63810859e+00 
 7.88750000e-08  1.63796779e+00 
 7.89250000e-08  1.63782700e+00 
 7.89750000e-08  1.63768620e+00 
 7.90250000e-08  1.63754540e+00 
 7.90750000e-08  1.63740461e+00 
 7.91250000e-08  1.63726381e+00 
 7.91750000e-08  1.63712302e+00 
 7.92250000e-08  1.63698223e+00 
 7.92750000e-08  1.63684143e+00 
 7.93250000e-08  1.63670064e+00 
 7.93750000e-08  1.63655985e+00 
 7.94250000e-08  1.63641906e+00 
 7.94750000e-08  1.63627827e+00 
 7.95250000e-08  1.63613748e+00 
 7.95750000e-08  1.63599669e+00 
 7.96250000e-08  1.63585591e+00 
 7.96750000e-08  1.63571512e+00 
 7.97250000e-08  1.63557433e+00 
 7.97750000e-08  1.63543355e+00 
 7.98250000e-08  1.63529276e+00 
 7.98750000e-08  1.63515198e+00 
 7.99250000e-08  1.63501119e+00 
 7.99750000e-08  1.63487041e+00 
 8.00250000e-08  1.63472963e+00 
 8.00750000e-08  1.63458884e+00 
 8.01250000e-08  1.63444806e+00 
 8.01750000e-08  1.63430728e+00 
 8.02250000e-08  1.63416650e+00 
 8.02750000e-08  1.63402572e+00 
 8.03250000e-08  1.63388494e+00 
 8.03750000e-08  1.63374416e+00 
 8.04250000e-08  1.63360339e+00 
 8.04750000e-08  1.63346261e+00 
 8.05250000e-08  1.63332183e+00 
 8.05750000e-08  1.63318106e+00 
 8.06250000e-08  1.63304028e+00 
 8.06750000e-08  1.63289951e+00 
 8.07250000e-08  1.63275874e+00 
 8.07750000e-08  1.63261796e+00 
 8.08250000e-08  1.63247719e+00 
 8.08750000e-08  1.63233642e+00 
 8.09250000e-08  1.63219565e+00 
 8.09750000e-08  1.63205488e+00 
 8.10250000e-08  1.63191411e+00 
 8.10750000e-08  1.63177334e+00 
 8.11250000e-08  1.63163257e+00 
 8.11750000e-08  1.63149180e+00 
 8.12250000e-08  1.63135103e+00 
 8.12750000e-08  1.63121027e+00 
 8.13250000e-08  1.63106950e+00 
 8.13750000e-08  1.63092874e+00 
 8.14250000e-08  1.63078797e+00 
 8.14750000e-08  1.63064721e+00 
 8.15250000e-08  1.63050645e+00 
 8.15750000e-08  1.63036568e+00 
 8.16250000e-08  1.63022492e+00 
 8.16750000e-08  1.63008416e+00 
 8.17250000e-08  1.62994340e+00 
 8.17750000e-08  1.62980264e+00 
 8.18250000e-08  1.62966188e+00 
 8.18750000e-08  1.62952112e+00 
 8.19250000e-08  1.62938036e+00 
 8.19750000e-08  1.62923961e+00 
 8.20250000e-08  1.62909885e+00 
 8.20750000e-08  1.62895809e+00 
 8.21250000e-08  1.62881734e+00 
 8.21750000e-08  1.62867658e+00 
 8.22250000e-08  1.62853583e+00 
 8.22750000e-08  1.62839508e+00 
 8.23250000e-08  1.62825432e+00 
 8.23750000e-08  1.62811357e+00 
 8.24250000e-08  1.62797282e+00 
 8.24750000e-08  1.62783207e+00 
 8.25250000e-08  1.62769132e+00 
 8.25750000e-08  1.62755057e+00 
 8.26250000e-08  1.62740982e+00 
 8.26750000e-08  1.62726907e+00 
 8.27250000e-08  1.62712832e+00 
 8.27750000e-08  1.62698758e+00 
 8.28250000e-08  1.62684683e+00 
 8.28750000e-08  1.62670609e+00 
 8.29250000e-08  1.62656534e+00 
 8.29750000e-08  1.62642460e+00 
 8.30250000e-08  1.62628385e+00 
 8.30750000e-08  1.62614311e+00 
 8.31250000e-08  1.62600237e+00 
 8.31750000e-08  1.62586163e+00 
 8.32250000e-08  1.62572089e+00 
 8.32750000e-08  1.62558014e+00 
 8.33250000e-08  1.62543941e+00 
 8.33750000e-08  1.62529867e+00 
 8.34250000e-08  1.62515793e+00 
 8.34750000e-08  1.62501719e+00 
 8.35250000e-08  1.62487645e+00 
 8.35750000e-08  1.62473572e+00 
 8.36250000e-08  1.62459498e+00 
 8.36750000e-08  1.62445425e+00 
 8.37250000e-08  1.62431351e+00 
 8.37750000e-08  1.62417278e+00 
 8.38250000e-08  1.62403204e+00 
 8.38750000e-08  1.62389131e+00 
 8.39250000e-08  1.62375058e+00 
 8.39750000e-08  1.62360985e+00 
 8.40250000e-08  1.62346912e+00 
 8.40750000e-08  1.62332839e+00 
 8.41250000e-08  1.62318766e+00 
 8.41750000e-08  1.62304693e+00 
 8.42250000e-08  1.62290620e+00 
 8.42750000e-08  1.62276548e+00 
 8.43250000e-08  1.62262475e+00 
 8.43750000e-08  1.62248402e+00 
 8.44250000e-08  1.62234330e+00 
 8.44750000e-08  1.62220257e+00 
 8.45250000e-08  1.62206185e+00 
 8.45750000e-08  1.62192113e+00 
 8.46250000e-08  1.62178041e+00 
 8.46750000e-08  1.62163968e+00 
 8.47250000e-08  1.62149896e+00 
 8.47750000e-08  1.62135824e+00 
 8.48250000e-08  1.62121752e+00 
 8.48750000e-08  1.62107680e+00 
 8.49250000e-08  1.62093608e+00 
 8.49750000e-08  1.62079537e+00 
 8.50250000e-08  1.62065465e+00 
 8.50750000e-08  1.62051393e+00 
 8.51250000e-08  1.62037322e+00 
 8.51750000e-08  1.62023250e+00 
 8.52250000e-08  1.62009179e+00 
 8.52750000e-08  1.61995107e+00 
 8.53250000e-08  1.61981036e+00 
 8.53750000e-08  1.61966965e+00 
 8.54250000e-08  1.61952893e+00 
 8.54750000e-08  1.61938822e+00 
 8.55250000e-08  1.61924751e+00 
 8.55750000e-08  1.61910680e+00 
 8.56250000e-08  1.61896609e+00 
 8.56750000e-08  1.61882538e+00 
 8.57250000e-08  1.61868468e+00 
 8.57750000e-08  1.61854397e+00 
 8.58250000e-08  1.61840326e+00 
 8.58750000e-08  1.61826256e+00 
 8.59250000e-08  1.61812185e+00 
 8.59750000e-08  1.61798115e+00 
 8.60250000e-08  1.61784044e+00 
 8.60750000e-08  1.61769974e+00 
 8.61250000e-08  1.61755904e+00 
 8.61750000e-08  1.61741833e+00 
 8.62250000e-08  1.61727763e+00 
 8.62750000e-08  1.61713693e+00 
 8.63250000e-08  1.61699623e+00 
 8.63750000e-08  1.61685553e+00 
 8.64250000e-08  1.61671483e+00 
 8.64750000e-08  1.61657413e+00 
 8.65250000e-08  1.61643344e+00 
 8.65750000e-08  1.61629274e+00 
 8.66250000e-08  1.61615204e+00 
 8.66750000e-08  1.61601135e+00 
 8.67250000e-08  1.61587065e+00 
 8.67750000e-08  1.61572996e+00 
 8.68250000e-08  1.61558927e+00 
 8.68750000e-08  1.61544857e+00 
 8.69250000e-08  1.61530788e+00 
 8.69750000e-08  1.61516719e+00 
 8.70250000e-08  1.61502650e+00 
 8.70750000e-08  1.61488581e+00 
 8.71250000e-08  1.61474512e+00 
 8.71750000e-08  1.61460443e+00 
 8.72250000e-08  1.61446374e+00 
 8.72750000e-08  1.61432306e+00 
 8.73250000e-08  1.61418237e+00 
 8.73750000e-08  1.61404168e+00 
 8.74250000e-08  1.61390100e+00 
 8.74750000e-08  1.61376031e+00 
 8.75250000e-08  1.61361963e+00 
 8.75750000e-08  1.61347894e+00 
 8.76250000e-08  1.61333826e+00 
 8.76750000e-08  1.61319758e+00 
 8.77250000e-08  1.61305690e+00 
 8.77750000e-08  1.61291622e+00 
 8.78250000e-08  1.61277554e+00 
 8.78750000e-08  1.61263486e+00 
 8.79250000e-08  1.61249418e+00 
 8.79750000e-08  1.61235350e+00 
 8.80250000e-08  1.61221282e+00 
 8.80750000e-08  1.61207215e+00 
 8.81250000e-08  1.61193147e+00 
 8.81750000e-08  1.61179080e+00 
 8.82250000e-08  1.61165012e+00 
 8.82750000e-08  1.61150945e+00 
 8.83250000e-08  1.61136877e+00 
 8.83750000e-08  1.61122810e+00 
 8.84250000e-08  1.61108743e+00 
 8.84750000e-08  1.61094676e+00 
 8.85250000e-08  1.61080609e+00 
 8.85750000e-08  1.61066542e+00 
 8.86250000e-08  1.61052475e+00 
 8.86750000e-08  1.61038408e+00 
 8.87250000e-08  1.61024341e+00 
 8.87750000e-08  1.61010274e+00 
 8.88250000e-08  1.60996208e+00 
 8.88750000e-08  1.60982141e+00 
 8.89250000e-08  1.60968074e+00 
 8.89750000e-08  1.60954008e+00 
 8.90250000e-08  1.60939941e+00 
 8.90750000e-08  1.60925875e+00 
 8.91250000e-08  1.60911809e+00 
 8.91750000e-08  1.60897743e+00 
 8.92250000e-08  1.60883676e+00 
 8.92750000e-08  1.60869610e+00 
 8.93250000e-08  1.60855544e+00 
 8.93750000e-08  1.60841478e+00 
 8.94250000e-08  1.60827413e+00 
 8.94750000e-08  1.60813347e+00 
 8.95250000e-08  1.60799281e+00 
 8.95750000e-08  1.60785215e+00 
 8.96250000e-08  1.60771150e+00 
 8.96750000e-08  1.60757084e+00 
 8.97250000e-08  1.60743019e+00 
 8.97750000e-08  1.60728953e+00 
 8.98250000e-08  1.60714888e+00 
 8.98750000e-08  1.60700823e+00 
 8.99250000e-08  1.60686758e+00 
 8.99750000e-08  1.60672692e+00 
 9.00250000e-08  1.60658627e+00 
 9.00750000e-08  1.60644562e+00 
 9.01250000e-08  1.60630497e+00 
 9.01750000e-08  1.60616432e+00 
 9.02250000e-08  1.60602368e+00 
 9.02750000e-08  1.60588303e+00 
 9.03250000e-08  1.60574238e+00 
 9.03750000e-08  1.60560174e+00 
 9.04250000e-08  1.60546109e+00 
 9.04750000e-08  1.60532045e+00 
 9.05250000e-08  1.60517980e+00 
 9.05750000e-08  1.60503916e+00 
 9.06250000e-08  1.60489852e+00 
 9.06750000e-08  1.60475787e+00 
 9.07250000e-08  1.60461723e+00 
 9.07750000e-08  1.60447659e+00 
 9.08250000e-08  1.60433595e+00 
 9.08750000e-08  1.60419531e+00 
 9.09250000e-08  1.60405467e+00 
 9.09750000e-08  1.60391404e+00 
 9.10250000e-08  1.60377340e+00 
 9.10750000e-08  1.60363276e+00 
 9.11250000e-08  1.60349213e+00 
 9.11750000e-08  1.60335149e+00 
 9.12250000e-08  1.60321086e+00 
 9.12750000e-08  1.60307022e+00 
 9.13250000e-08  1.60292959e+00 
 9.13750000e-08  1.60278896e+00 
 9.14250000e-08  1.60264833e+00 
 9.14750000e-08  1.60250769e+00 
 9.15250000e-08  1.60236706e+00 
 9.15750000e-08  1.60222643e+00 
 9.16250000e-08  1.60208581e+00 
 9.16750000e-08  1.60194518e+00 
 9.17250000e-08  1.60180455e+00 
 9.17750000e-08  1.60166392e+00 
 9.18250000e-08  1.60152330e+00 
 9.18750000e-08  1.60138267e+00 
 9.19250000e-08  1.60124204e+00 
 9.19750000e-08  1.60110142e+00 
 9.20250000e-08  1.60096080e+00 
 9.20750000e-08  1.60082017e+00 
 9.21250000e-08  1.60067955e+00 
 9.21750000e-08  1.60053893e+00 
 9.22250000e-08  1.60039831e+00 
 9.22750000e-08  1.60025769e+00 
 9.23250000e-08  1.60011707e+00 
 9.23750000e-08  1.59997645e+00 
 9.24250000e-08  1.59983583e+00 
 9.24750000e-08  1.59969521e+00 
 9.25250000e-08  1.59955460e+00 
 9.25750000e-08  1.59941398e+00 
 9.26250000e-08  1.59927336e+00 
 9.26750000e-08  1.59913275e+00 
 9.27250000e-08  1.59899213e+00 
 9.27750000e-08  1.59885152e+00 
 9.28250000e-08  1.59871091e+00 
 9.28750000e-08  1.59857030e+00 
 9.29250000e-08  1.59842968e+00 
 9.29750000e-08  1.59828907e+00 
 9.30250000e-08  1.59814846e+00 
 9.30750000e-08  1.59800785e+00 
 9.31250000e-08  1.59786724e+00 
 9.31750000e-08  1.59772664e+00 
 9.32250000e-08  1.59758603e+00 
 9.32750000e-08  1.59744542e+00 
 9.33250000e-08  1.59730482e+00 
 9.33750000e-08  1.59716421e+00 
 9.34250000e-08  1.59702360e+00 
 9.34750000e-08  1.59688300e+00 
 9.35250000e-08  1.59674240e+00 
 9.35750000e-08  1.59660179e+00 
 9.36250000e-08  1.59646119e+00 
 9.36750000e-08  1.59632059e+00 
 9.37250000e-08  1.59617999e+00 
 9.37750000e-08  1.59603939e+00 
 9.38250000e-08  1.59589879e+00 
 9.38750000e-08  1.59575819e+00 
 9.39250000e-08  1.59561759e+00 
 9.39750000e-08  1.59547700e+00 
 9.40250000e-08  1.59533640e+00 
 9.40750000e-08  1.59519580e+00 
 9.41250000e-08  1.59505521e+00 
 9.41750000e-08  1.59491461e+00 
 9.42250000e-08  1.59477402e+00 
 9.42750000e-08  1.59463343e+00 
 9.43250000e-08  1.59449283e+00 
 9.43750000e-08  1.59435224e+00 
 9.44250000e-08  1.59421165e+00 
 9.44750000e-08  1.59407106e+00 
 9.45250000e-08  1.59393047e+00 
 9.45750000e-08  1.59378988e+00 
 9.46250000e-08  1.59364929e+00 
 9.46750000e-08  1.59350871e+00 
 9.47250000e-08  1.59336812e+00 
 9.47750000e-08  1.59322753e+00 
 9.48250000e-08  1.59308695e+00 
 9.48750000e-08  1.59294636e+00 
 9.49250000e-08  1.59280578e+00 
 9.49750000e-08  1.59266519e+00 
 9.50250000e-08  1.59252461e+00 
 9.50750000e-08  1.59238403e+00 
 9.51250000e-08  1.59224345e+00 
 9.51750000e-08  1.59210286e+00 
 9.52250000e-08  1.59196228e+00 
 9.52750000e-08  1.59182171e+00 
 9.53250000e-08  1.59168113e+00 
 9.53750000e-08  1.59154055e+00 
 9.54250000e-08  1.59139997e+00 
 9.54750000e-08  1.59125939e+00 
 9.55250000e-08  1.59111882e+00 
 9.55750000e-08  1.59097824e+00 
 9.56250000e-08  1.59083767e+00 
 9.56750000e-08  1.59069709e+00 
 9.57250000e-08  1.59055652e+00 
 9.57750000e-08  1.59041595e+00 
 9.58250000e-08  1.59027537e+00 
 9.58750000e-08  1.59013480e+00 
 9.59250000e-08  1.58999423e+00 
 9.59700000e-08  1.58986772e+00 
 9.59750000e-08  1.58986664e+00 
 9.59850000e-08  1.58987231e+00 
 9.60050000e-08  1.58987965e+00 
 9.60450000e-08  1.58993122e+00 
 9.60950000e-08  1.59036528e+00 
 9.61200000e-08  1.59080059e+00 
 9.61250000e-08  1.59078182e+00 
 9.61350000e-08  1.59073225e+00 
 9.61550000e-08  1.59062557e+00 
 9.61950000e-08  1.59045337e+00 
 9.62450000e-08  1.59028066e+00 
 9.62950000e-08  1.59014260e+00 
 9.63450000e-08  1.59002566e+00 
 9.63950000e-08  1.58992615e+00 
 9.64450000e-08  1.58983844e+00 
 9.64950000e-08  1.58976121e+00 
 9.65450000e-08  1.58969155e+00 
 9.65950000e-08  1.58962881e+00 
 9.66450000e-08  1.58957134e+00 
 9.66950000e-08  1.58951875e+00 
 9.67450000e-08  1.58947003e+00 
 9.67950000e-08  1.58942492e+00 
 9.68450000e-08  1.58938276e+00 
 9.68950000e-08  1.58934337e+00 
 9.69450000e-08  1.58930631e+00 
 9.69950000e-08  1.58927142e+00 
 9.70450000e-08  1.58923842e+00 
 9.70950000e-08  1.58920718e+00 
 9.71450000e-08  1.58917748e+00 
 9.71950000e-08  1.58914923e+00 
 9.72450000e-08  1.58912228e+00 
 9.72950000e-08  1.58909653e+00 
 9.73450000e-08  1.58907188e+00 
 9.73950000e-08  1.58904826e+00 
 9.74450000e-08  1.58902558e+00 
 9.74950000e-08  1.58900378e+00 
 9.75450000e-08  1.58898279e+00 
 9.75950000e-08  1.58896257e+00 
 9.76450000e-08  1.58894305e+00 
 9.76950000e-08  1.58892421e+00 
 9.77450000e-08  1.58890599e+00 
 9.77950000e-08  1.58888836e+00 
 9.78450000e-08  1.58887129e+00 
 9.78950000e-08  1.58885473e+00 
 9.79450000e-08  1.58883868e+00 
 9.79950000e-08  1.58882309e+00 
 9.80450000e-08  1.58880795e+00 
 9.80950000e-08  1.58879322e+00 
 9.81450000e-08  1.58877890e+00 
 9.81950000e-08  1.58876496e+00 
 9.82450000e-08  1.58875138e+00 
 9.82950000e-08  1.58873814e+00 
 9.83450000e-08  1.58872524e+00 
 9.83950000e-08  1.58871264e+00 
 9.84450000e-08  1.58870035e+00 
 9.84950000e-08  1.58868835e+00 
 9.85450000e-08  1.58867663e+00 
 9.85950000e-08  1.58866516e+00 
 9.86450000e-08  1.58865396e+00 
 9.86950000e-08  1.58864299e+00 
 9.87450000e-08  1.58863226e+00 
 9.87950000e-08  1.58862176e+00 
 9.88450000e-08  1.58861147e+00 
 9.88950000e-08  1.58860139e+00 
 9.89450000e-08  1.58859151e+00 
 9.89950000e-08  1.58858182e+00 
 9.90450000e-08  1.58857232e+00 
 9.90950000e-08  1.58856301e+00 
 9.91450000e-08  1.58855386e+00 
 9.91950000e-08  1.58854489e+00 
 9.92450000e-08  1.58853607e+00 
 9.92950000e-08  1.58852742e+00 
 9.93450000e-08  1.58851891e+00 
 9.93950000e-08  1.58851056e+00 
 9.94450000e-08  1.58850235e+00 
 9.94950000e-08  1.58849427e+00 
 9.95450000e-08  1.58848633e+00 
 9.95950000e-08  1.58847852e+00 
 9.96450000e-08  1.58847084e+00 
 9.96950000e-08  1.58846328e+00 
 9.97450000e-08  1.58845584e+00 
 9.97950000e-08  1.58844851e+00 
 9.98450000e-08  1.58844130e+00 
 9.98950000e-08  1.58843420e+00 
 9.99450000e-08  1.58842720e+00 
 9.99950000e-08  1.58842031e+00 
 1.00045000e-07  1.58841352e+00 
 1.00095000e-07  1.58840682e+00 
 1.00145000e-07  1.58840023e+00 
 1.00195000e-07  1.58839372e+00 
 1.00245000e-07  1.58838731e+00 
 1.00295000e-07  1.58838098e+00 
 1.00345000e-07  1.58837474e+00 
 1.00395000e-07  1.58836859e+00 
 1.00445000e-07  1.58836251e+00 
 1.00495000e-07  1.58835652e+00 
 1.00545000e-07  1.58835061e+00 
 1.00595000e-07  1.58834477e+00 
 1.00645000e-07  1.58833900e+00 
 1.00695000e-07  1.58833331e+00 
 1.00745000e-07  1.58832769e+00 
 1.00795000e-07  1.58832214e+00 
 1.00845000e-07  1.58831666e+00 
 1.00895000e-07  1.58831125e+00 
 1.00945000e-07  1.58830590e+00 
 1.00995000e-07  1.58830061e+00 
 1.01045000e-07  1.58829539e+00 
 1.01095000e-07  1.58829023e+00 
 1.01145000e-07  1.58828512e+00 
 1.01195000e-07  1.58828008e+00 
 1.01245000e-07  1.58827509e+00 
 1.01295000e-07  1.58827016e+00 
 1.01345000e-07  1.58826529e+00 
 1.01395000e-07  1.58826046e+00 
 1.01445000e-07  1.58825569e+00 
 1.01495000e-07  1.58825098e+00 
 1.01545000e-07  1.58824631e+00 
 1.01595000e-07  1.58824169e+00 
 1.01645000e-07  1.58823713e+00 
 1.01695000e-07  1.58823261e+00 
 1.01745000e-07  1.58822813e+00 
 1.01795000e-07  1.58822371e+00 
 1.01845000e-07  1.58821932e+00 
 1.01895000e-07  1.58821499e+00 
 1.01945000e-07  1.58821069e+00 
 1.01995000e-07  1.58820644e+00 
 1.02045000e-07  1.58820223e+00 
 1.02095000e-07  1.58819807e+00 
 1.02145000e-07  1.58819394e+00 
 1.02195000e-07  1.58818985e+00 
 1.02245000e-07  1.58818580e+00 
 1.02295000e-07  1.58818179e+00 
 1.02345000e-07  1.58817782e+00 
 1.02395000e-07  1.58817389e+00 
 1.02445000e-07  1.58816999e+00 
 1.02495000e-07  1.58816613e+00 
 1.02545000e-07  1.58816230e+00 
 1.02595000e-07  1.58815851e+00 
 1.02645000e-07  1.58815475e+00 
 1.02695000e-07  1.58815103e+00 
 1.02745000e-07  1.58814734e+00 
 1.02795000e-07  1.58814368e+00 
 1.02845000e-07  1.58814006e+00 
 1.02895000e-07  1.58813646e+00 
 1.02945000e-07  1.58813290e+00 
 1.02995000e-07  1.58812936e+00 
 1.03045000e-07  1.58812586e+00 
 1.03095000e-07  1.58812239e+00 
 1.03145000e-07  1.58811895e+00 
 1.03195000e-07  1.58811553e+00 
 1.03245000e-07  1.58811214e+00 
 1.03295000e-07  1.58810878e+00 
 1.03345000e-07  1.58810545e+00 
 1.03395000e-07  1.58810215e+00 
 1.03445000e-07  1.58809887e+00 
 1.03495000e-07  1.58809562e+00 
 1.03545000e-07  1.58809240e+00 
 1.03595000e-07  1.58808920e+00 
 1.03645000e-07  1.58808602e+00 
 1.03695000e-07  1.58808287e+00 
 1.03745000e-07  1.58807975e+00 
 1.03795000e-07  1.58807664e+00 
 1.03845000e-07  1.58807357e+00 
 1.03895000e-07  1.58807051e+00 
 1.03945000e-07  1.58806748e+00 
 1.03995000e-07  1.58806448e+00 
 1.04045000e-07  1.58806149e+00 
 1.04095000e-07  1.58805853e+00 
 1.04145000e-07  1.58805559e+00 
 1.04195000e-07  1.58805267e+00 
 1.04245000e-07  1.58804977e+00 
 1.04295000e-07  1.58804689e+00 
 1.04345000e-07  1.58804403e+00 
 1.04395000e-07  1.58804120e+00 
 1.04445000e-07  1.58803838e+00 
 1.04495000e-07  1.58803559e+00 
 1.04545000e-07  1.58803281e+00 
 1.04595000e-07  1.58803005e+00 
 1.04645000e-07  1.58802732e+00 
 1.04695000e-07  1.58802460e+00 
 1.04745000e-07  1.58802190e+00 
 1.04795000e-07  1.58801922e+00 
 1.04845000e-07  1.58801656e+00 
 1.04895000e-07  1.58801391e+00 
 1.04945000e-07  1.58801129e+00 
 1.04995000e-07  1.58800868e+00 
 1.05045000e-07  1.58800609e+00 
 1.05095000e-07  1.58800351e+00 
 1.05145000e-07  1.58800095e+00 
 1.05195000e-07  1.58799841e+00 
 1.05245000e-07  1.58799589e+00 
 1.05295000e-07  1.58799338e+00 
 1.05345000e-07  1.58799089e+00 
 1.05395000e-07  1.58798842e+00 
 1.05445000e-07  1.58798596e+00 
 1.05495000e-07  1.58798351e+00 
 1.05545000e-07  1.58798109e+00 
 1.05595000e-07  1.58797867e+00 
 1.05645000e-07  1.58797627e+00 
 1.05695000e-07  1.58797389e+00 
 1.05745000e-07  1.58797152e+00 
 1.05795000e-07  1.58796917e+00 
 1.05845000e-07  1.58796683e+00 
 1.05895000e-07  1.58796451e+00 
 1.05945000e-07  1.58796220e+00 
 1.05995000e-07  1.58795990e+00 
 1.06045000e-07  1.58795762e+00 
 1.06095000e-07  1.58795535e+00 
 1.06145000e-07  1.58795309e+00 
 1.06195000e-07  1.58795085e+00 
 1.06245000e-07  1.58794862e+00 
 1.06295000e-07  1.58794641e+00 
 1.06345000e-07  1.58794421e+00 
 1.06395000e-07  1.58794202e+00 
 1.06445000e-07  1.58793984e+00 
 1.06495000e-07  1.58793768e+00 
 1.06545000e-07  1.58793552e+00 
 1.06595000e-07  1.58793338e+00 
 1.06645000e-07  1.58793126e+00 
 1.06695000e-07  1.58792914e+00 
 1.06745000e-07  1.58792704e+00 
 1.06795000e-07  1.58792495e+00 
 1.06845000e-07  1.58792287e+00 
 1.06895000e-07  1.58792080e+00 
 1.06945000e-07  1.58791874e+00 
 1.06995000e-07  1.58791670e+00 
 1.07045000e-07  1.58791466e+00 
 1.07095000e-07  1.58791264e+00 
 1.07145000e-07  1.58791063e+00 
 1.07195000e-07  1.58790863e+00 
 1.07245000e-07  1.58790664e+00 
 1.07295000e-07  1.58790466e+00 
 1.07345000e-07  1.58790269e+00 
 1.07395000e-07  1.58790073e+00 
 1.07445000e-07  1.58789878e+00 
 1.07495000e-07  1.58789684e+00 
 1.07545000e-07  1.58789491e+00 
 1.07595000e-07  1.58789300e+00 
 1.07645000e-07  1.58789109e+00 
 1.07695000e-07  1.58788919e+00 
 1.07745000e-07  1.58788730e+00 
 1.07795000e-07  1.58788543e+00 
 1.07845000e-07  1.58788356e+00 
 1.07895000e-07  1.58788170e+00 
 1.07945000e-07  1.58787985e+00 
 1.07995000e-07  1.58787801e+00 
 1.08045000e-07  1.58787618e+00 
 1.08095000e-07  1.58787436e+00 
 1.08145000e-07  1.58787254e+00 
 1.08195000e-07  1.58787074e+00 
 1.08245000e-07  1.58786895e+00 
 1.08295000e-07  1.58786716e+00 
 1.08345000e-07  1.58786539e+00 
 1.08395000e-07  1.58786362e+00 
 1.08445000e-07  1.58786186e+00 
 1.08495000e-07  1.58786011e+00 
 1.08545000e-07  1.58785836e+00 
 1.08595000e-07  1.58785663e+00 
 1.08645000e-07  1.58785491e+00 
 1.08695000e-07  1.58785319e+00 
 1.08745000e-07  1.58785148e+00 
 1.08795000e-07  1.58784978e+00 
 1.08845000e-07  1.58784809e+00 
 1.08895000e-07  1.58784640e+00 
 1.08945000e-07  1.58784472e+00 
 1.08995000e-07  1.58784306e+00 
 1.09045000e-07  1.58784139e+00 
 1.09095000e-07  1.58783974e+00 
 1.09145000e-07  1.58783809e+00 
 1.09195000e-07  1.58783646e+00 
 1.09245000e-07  1.58783483e+00 
 1.09295000e-07  1.58783320e+00 
 1.09345000e-07  1.58783159e+00 
 1.09395000e-07  1.58782998e+00 
 1.09445000e-07  1.58782838e+00 
 1.09495000e-07  1.58782678e+00 
 1.09545000e-07  1.58782520e+00 
 1.09595000e-07  1.58782362e+00 
 1.09645000e-07  1.58782204e+00 
 1.09695000e-07  1.58782048e+00 
 1.09745000e-07  1.58781892e+00 
 1.09795000e-07  1.58781737e+00 
 1.09845000e-07  1.58781582e+00 
 1.09895000e-07  1.58781429e+00 
 1.09945000e-07  1.58781275e+00 
 1.09995000e-07  1.58781123e+00 
 1.10045000e-07  1.58780971e+00 
 1.10095000e-07  1.58780820e+00 
 1.10145000e-07  1.58780670e+00 
 1.10195000e-07  1.58780520e+00 
 1.10245000e-07  1.58780370e+00 
 1.10295000e-07  1.58780222e+00 
 1.10345000e-07  1.58780074e+00 
 1.10395000e-07  1.58779927e+00 
 1.10445000e-07  1.58779780e+00 
 1.10495000e-07  1.58779634e+00 
 1.10545000e-07  1.58779488e+00 
 1.10595000e-07  1.58779344e+00 
 1.10645000e-07  1.58779199e+00 
 1.10695000e-07  1.58779056e+00 
 1.10745000e-07  1.58778913e+00 
 1.10795000e-07  1.58778770e+00 
 1.10845000e-07  1.58778628e+00 
 1.10895000e-07  1.58778487e+00 
 1.10945000e-07  1.58778346e+00 
 1.10995000e-07  1.58778206e+00 
 1.11045000e-07  1.58778067e+00 
 1.11095000e-07  1.58777928e+00 
 1.11145000e-07  1.58777789e+00 
 1.11195000e-07  1.58777651e+00 
 1.11245000e-07  1.58777514e+00 
 1.11295000e-07  1.58777377e+00 
 1.11345000e-07  1.58777241e+00 
 1.11395000e-07  1.58777105e+00 
 1.11445000e-07  1.58776970e+00 
 1.11495000e-07  1.58776836e+00 
 1.11545000e-07  1.58776701e+00 
 1.11595000e-07  1.58776568e+00 
 1.11645000e-07  1.58776435e+00 
 1.11695000e-07  1.58776302e+00 
 1.11745000e-07  1.58776170e+00 
 1.11795000e-07  1.58776039e+00 
 1.11845000e-07  1.58775908e+00 
 1.11895000e-07  1.58775777e+00 
 1.11945000e-07  1.58775647e+00 
 1.11995000e-07  1.58775518e+00 
 1.12045000e-07  1.58775389e+00 
 1.12095000e-07  1.58775260e+00 
 1.12145000e-07  1.58775132e+00 
 1.12195000e-07  1.58775005e+00 
 1.12245000e-07  1.58774878e+00 
 1.12295000e-07  1.58774751e+00 
 1.12345000e-07  1.58774625e+00 
 1.12395000e-07  1.58774499e+00 
 1.12445000e-07  1.58774374e+00 
 1.12495000e-07  1.58774249e+00 
 1.12545000e-07  1.58774125e+00 
 1.12595000e-07  1.58774001e+00 
 1.12645000e-07  1.58773878e+00 
 1.12695000e-07  1.58773755e+00 
 1.12745000e-07  1.58773633e+00 
 1.12795000e-07  1.58773511e+00 
 1.12845000e-07  1.58773389e+00 
 1.12895000e-07  1.58773268e+00 
 1.12945000e-07  1.58773147e+00 
 1.12995000e-07  1.58773027e+00 
 1.13045000e-07  1.58772907e+00 
 1.13095000e-07  1.58772788e+00 
 1.13145000e-07  1.58772669e+00 
 1.13195000e-07  1.58772551e+00 
 1.13245000e-07  1.58772433e+00 
 1.13295000e-07  1.58772315e+00 
 1.13345000e-07  1.58772198e+00 
 1.13395000e-07  1.58772081e+00 
 1.13445000e-07  1.58771964e+00 
 1.13495000e-07  1.58771848e+00 
 1.13545000e-07  1.58771733e+00 
 1.13595000e-07  1.58771618e+00 
 1.13645000e-07  1.58771503e+00 
 1.13695000e-07  1.58771388e+00 
 1.13745000e-07  1.58771274e+00 
 1.13795000e-07  1.58771161e+00 
 1.13845000e-07  1.58771047e+00 
 1.13895000e-07  1.58770935e+00 
 1.13945000e-07  1.58770822e+00 
 1.13995000e-07  1.58770710e+00 
 1.14045000e-07  1.58770598e+00 
 1.14095000e-07  1.58770487e+00 
 1.14145000e-07  1.58770376e+00 
 1.14195000e-07  1.58770265e+00 
 1.14245000e-07  1.58770155e+00 
 1.14295000e-07  1.58770045e+00 
 1.14345000e-07  1.58769936e+00 
 1.14395000e-07  1.58769827e+00 
 1.14445000e-07  1.58769718e+00 
 1.14495000e-07  1.58769610e+00 
 1.14545000e-07  1.58769502e+00 
 1.14595000e-07  1.58769394e+00 
 1.14645000e-07  1.58769287e+00 
 1.14695000e-07  1.58769180e+00 
 1.14745000e-07  1.58769073e+00 
 1.14795000e-07  1.58768967e+00 
 1.14845000e-07  1.58768861e+00 
 1.14895000e-07  1.58768755e+00 
 1.14945000e-07  1.58768650e+00 
 1.14995000e-07  1.58768545e+00 
 1.15045000e-07  1.58768441e+00 
 1.15095000e-07  1.58768337e+00 
 1.15145000e-07  1.58768233e+00 
 1.15195000e-07  1.58768129e+00 
 1.15245000e-07  1.58768026e+00 
 1.15295000e-07  1.58767923e+00 
 1.15345000e-07  1.58767820e+00 
 1.15395000e-07  1.58767718e+00 
 1.15445000e-07  1.58767616e+00 
 1.15495000e-07  1.58767515e+00 
 1.15545000e-07  1.58767413e+00 
 1.15595000e-07  1.58767313e+00 
 1.15645000e-07  1.58767212e+00 
 1.15695000e-07  1.58767112e+00 
 1.15745000e-07  1.58767012e+00 
 1.15795000e-07  1.58766912e+00 
 1.15845000e-07  1.58766812e+00 
 1.15895000e-07  1.58766713e+00 
 1.15945000e-07  1.58766615e+00 
 1.15995000e-07  1.58766516e+00 
 1.16045000e-07  1.58766418e+00 
 1.16095000e-07  1.58766320e+00 
 1.16145000e-07  1.58766222e+00 
 1.16195000e-07  1.58766125e+00 
 1.16245000e-07  1.58766028e+00 
 1.16295000e-07  1.58765932e+00 
 1.16345000e-07  1.58765835e+00 
 1.16395000e-07  1.58765739e+00 
 1.16445000e-07  1.58765643e+00 
 1.16495000e-07  1.58765548e+00 
 1.16545000e-07  1.58765452e+00 
 1.16595000e-07  1.58765358e+00 
 1.16645000e-07  1.58765263e+00 
 1.16695000e-07  1.58765168e+00 
 1.16745000e-07  1.58765074e+00 
 1.16795000e-07  1.58764980e+00 
 1.16845000e-07  1.58764887e+00 
 1.16895000e-07  1.58764794e+00 
 1.16945000e-07  1.58764701e+00 
 1.16995000e-07  1.58764608e+00 
 1.17045000e-07  1.58764515e+00 
 1.17095000e-07  1.58764423e+00 
 1.17145000e-07  1.58764331e+00 
 1.17195000e-07  1.58764240e+00 
 1.17245000e-07  1.58764148e+00 
 1.17295000e-07  1.58764057e+00 
 1.17345000e-07  1.58763966e+00 
 1.17395000e-07  1.58763876e+00 
 1.17445000e-07  1.58763785e+00 
 1.17495000e-07  1.58763695e+00 
 1.17545000e-07  1.58763605e+00 
 1.17595000e-07  1.58763516e+00 
 1.17645000e-07  1.58763426e+00 
 1.17695000e-07  1.58763337e+00 
 1.17745000e-07  1.58763248e+00 
 1.17795000e-07  1.58763160e+00 
 1.17845000e-07  1.58763072e+00 
 1.17895000e-07  1.58762984e+00 
 1.17945000e-07  1.58762896e+00 
 1.17995000e-07  1.58762808e+00 
 1.18045000e-07  1.58762721e+00 
 1.18095000e-07  1.58762634e+00 
 1.18145000e-07  1.58762547e+00 
 1.18195000e-07  1.58762460e+00 
 1.18245000e-07  1.58762374e+00 
 1.18295000e-07  1.58762288e+00 
 1.18345000e-07  1.58762202e+00 
 1.18395000e-07  1.58762116e+00 
 1.18445000e-07  1.58762031e+00 
 1.18495000e-07  1.58761946e+00 
 1.18545000e-07  1.58761861e+00 
 1.18595000e-07  1.58761776e+00 
 1.18645000e-07  1.58761691e+00 
 1.18695000e-07  1.58761607e+00 
 1.18745000e-07  1.58761523e+00 
 1.18795000e-07  1.58761439e+00 
 1.18845000e-07  1.58761356e+00 
 1.18895000e-07  1.58761272e+00 
 1.18945000e-07  1.58761189e+00 
 1.18995000e-07  1.58761106e+00 
 1.19045000e-07  1.58761024e+00 
 1.19095000e-07  1.58760941e+00 
 1.19145000e-07  1.58760859e+00 
 1.19195000e-07  1.58760777e+00 
 1.19245000e-07  1.58760695e+00 
 1.19295000e-07  1.58760613e+00 
 1.19345000e-07  1.58760532e+00 
 1.19395000e-07  1.58760451e+00 
 1.19445000e-07  1.58760370e+00 
 1.19495000e-07  1.58760289e+00 
 1.19545000e-07  1.58760209e+00 
 1.19595000e-07  1.58760128e+00 
 1.19645000e-07  1.58760048e+00 
 1.19695000e-07  1.58759968e+00 
 1.19745000e-07  1.58759889e+00 
 1.19795000e-07  1.58759809e+00 
 1.19845000e-07  1.58759730e+00 
 1.19895000e-07  1.58759651e+00 
 1.19945000e-07  1.58759572e+00 
 1.19995000e-07  1.58759493e+00 
 1.20045000e-07  1.58759415e+00 
 1.20095000e-07  1.58759336e+00 
 1.20145000e-07  1.58759258e+00 
 1.20195000e-07  1.58759180e+00 
 1.20245000e-07  1.58759103e+00 
 1.20295000e-07  1.58759025e+00 
 1.20345000e-07  1.58758948e+00 
 1.20395000e-07  1.58758871e+00 
 1.20445000e-07  1.58758794e+00 
 1.20495000e-07  1.58758717e+00 
 1.20545000e-07  1.58758641e+00 
 1.20595000e-07  1.58758565e+00 
 1.20645000e-07  1.58758488e+00 
 1.20695000e-07  1.58758412e+00 
 1.20745000e-07  1.58758337e+00 
 1.20795000e-07  1.58758261e+00 
 1.20845000e-07  1.58758186e+00 
 1.20895000e-07  1.58758111e+00 
 1.20945000e-07  1.58758036e+00 
 1.20970000e-07  1.58757998e+00 
